4900
400
2900
1800
1200
1399
1501
1900
2000
2300
4800
4099
4600
42601
8199
9800
11901
14000
18200
11001
14300
11900
15400
14300
15900
13999
15300
17100
18200
18999
16500
17300
5500
4101
3799
6300
4099
4100
5399
4200
4400
5400
4500
4500
4900
5200
4901
5100
5499
5301
11700
5900
5801
6700
6000
5900
6200
6300
6100
6300
6899
6500
6601
7100
6900
7499
7601
7300
12300
10799
9299
11000
8000
8901
8100
9200
9000
8600
9100
8599
9100
8800
9699
9800
9800
9500
9800
9700
9900
9499
9999
10700
10599
10299
10299
10500
11201
19000
8999
15000
11700
11300
10499
22400
5200
4601
4601
4300
4600
4700
4700
4599
5000
4700
4701
4701
4700
4601
4700
5600
5099
4901
5100
5300
5101
5400
5301
7400
5699
5499
5200
5700
6200
5601
5700
5799
12500
5901
6101
5900
6401
6100
6000
6000
6199
8699
6199
6300
6300
6201
6600
6700
6500
6700
6900
6700
6800
6501
6801
7201
7100
6901
7100
7000
7100
7200
7300
7199
7199
7600
7301
7600
10900
7600
7600
7700
8001
8001
7900
9900
7999
7900
8300
8700
8300
7999
8400
8700
8600
8300
8399
8600
8401
8500
8399
8600
8501
8801
8500
8799
8899
9100
8999
9200
9401
9499
9301
10200
9400
9700
9500
9500
9501
9800
9600
9700
9600
10000
10200
9900
9899
10400
10300
10100
11300
11000
10901
10501
10501
10700
11101
10700
12700
13099
15700
15200
25800
15000
11901
13200
11500
12100
11500
11300
11600
14301
12100
12100
12000
12000
11799
11699
17500
12301
11900
84501
26900
12401
15200
15700
15800
15900
14400
14500
14600
14000
14400
14301
13500
13900
14099
15200
14600
14400
15100
16099
13100
13400
13200
13000
26901
13101
13299
13399
13199
13200
13900
13500
13600
13500
13600
13400
13500
13600
14200
14100
14000
14200
15599
16000
14000
14300
13900
14300
14200
14500
14400
14501
14800
14699
14900
14500
15000
14700
15000
15100
14800
15000
15000
14700
15200
15300
15400
14800
15700
15500
15400
15500
15600
15400
15700
15600
15700
15900
15901
15800
15800
15900
22301
16900
16499
16400
16200
16400
16799
16401
17700
16600
16500
16700
16800
17000
17101
17100
17100
17100
17600
17100
17099
17500
17300
18401
17500
18000
18001
17600
17899
20501
18500
18000
17700
17999
18000
18200
18401
18400
20299
18900
18500
18500
18700
18499
18800
18699
18600
18700
25901
18901
19000
19099
19400
19000
18901
18900
19201
19300
19399
19400
19799
19500
19800
19700
19600
19600
20100
20100
19999
19800
20200
20200
20000
20200
20301
20500
20101
20500
24101
22300
20500
23300
23901
20899
21200
20800
21000
20901
20899
21401
21200
23000
21901
21299
21200
21401
21799
21500
21600
21900
21701
23400
26100
25999
26500
31400
29400
28601
29100
28699
29300
30000
30000
30300
30600
29200
30100
31201
28500
29400
30700
30500
31900
35499
31300
30900
28400
24001
24100
30300
30800
26800
35800
33000
32400
29000
24800
24201
24401
24300
24600
26400
24199
24500
24701
24900
24600
25000
24799
24799
25300
24701
25301
24900
28200
34199
25200
25500
25300
25699
25799
25199
25999
33400
25600
27300
29000
26201
26401
26101
26600
26000
26100
26200
74600
26901
26600
26501
26700
26600
27000
26701
26900
26901
27400
27101
34801
27000
27200
27500
27400
27300
27200
27400
27701
69501
30600
28199
28100
28300
27800
28400
28601
28199
28100
66500
28401
28099
28699
28400
28300
28900
29000
28401
34601
61200
28900
28999
28700
29000
29200
29500
29400
29100
29200
64899
29500
29400
29400
32500
30200
29600
29400
29700
32400
29900
30100
33499
32600
30800
30301
42399
31200
30400
76700
31100
30500
30700
30800
30600
30800
30800
30700
65999
32700
31500
36800
31999
31800
31500
31700
31300
57801
32401
31600
45300
32001
32000
31900
31700
31800
52501
33599
32100
31799
32300
32100
32100
32400
32200
53601
35601
33500
32601
32900
32800
32400
33199
32600
67700
40301
36201
33499
32900
32800
32900
33600
35101
83000
33400
33901
34000
33401
34300
33601
34300
65501
33800
34400
34199
34500
34601
40300
34200
34101
72100
34500
34500
34699
34700
34701
34800
34901
64799
34800
35200
35500
35200
35399
35800
35201
58100
36099
35399
35900
53201
35899
35400
35901
54600
35799
35800
35901
36499
36000
36301
36399
54499
36300
36001
39100
41199
40200
43300
41500
63200
40600
37000
37301
36900
37299
36900
41701
66001
37999
36899
38100
37501
38200
38200
78600
42901
79501
37499
76600
37000
265999
75000
77100
68600
69801
69100
68600
70100
68799
68900
76300
69399
68400
69300
68901
73101
69101
68300
68900
68599
68400
68100
69201
69000
74800
69701
69500
69600
70100
69399
69499
69300
71000
70800
70600
70801
70801
82101
79600
69200
68900
68701
73701
70000
68900
68601
70600
70300
71300
71000
77100
70200
70801
70500
76500
69700
70400
70000
75300
73199
70300
70800
69900
71001
70801
77999
71100
72000
70100
72100
71300
71800
71300
71600
71500
77500
71399
79400
52200
43300
46300
42299
42100
42200
42700
41900
42500
42301
42301
41799
41599
41800
42400
41801
44300
42900
41800
41900
42700
41901
42301
45500
42200
42100
42400
43101
42500
43200
43400
2036300
46700
44600
44300
43600
44100
51400
43701
43699
44000
44600
44600
43800
44000
47000
44401
44299
44200
44800
44400
44099
44500
44500
44200
44300
44200
45300
43900
44100
50300
45700
48300
46400
48100
44800
44901
45000
44500
44700
45600
45700
45400
45500
44900
45800
47500
49900
52601
46100
47100
46300
46700
50000
46501
45800
46999
46600
46200
49201
47300
46400
46300
46799
46400
55600
47600
47301
46900
47500
47900
46800
46800
53100
47700
48001
48300
47901
47400
47300
47500
47700
48100
47600
49200
48401
48700
48501
48500
49401
49299
50100
48100
48300
49201
48700
48801
49100
48500
48699
49200
49199
49700
49401
49699
49400
49000
49900
48901
49999
55299
50600
49901
50299
50400
50101
49899
50400
49701
49600
51200
50501
50599
50600
51501
50499
50500
51201
51100
50600
50600
50801
51199
51400
52201
51601
51799
51400
51900
51401
51399
52000
52000
51601
56099
52300
51700
52001
51900
52099
52100
52100
52201
52300
53199
54399
53499
53600
52500
52401
52800
53200
53099
52700
53800
53300
52701
53000
53400
53900
53299
53199
53899
53600
53600
54101
53301
53701
53500
54000
54500
53500
53999
53899
54499
54199
54600
54700
55600
54700
55300
55399
54300
55399
55299
54999
54600
54700
54600
55400
55899
55299
55099
55799
55399
55300
55500
56000
55600
55500
56800
56100
56001
55801
56201
56199
56099
56399
56300
55900
56300
56500
56801
56501
56700
56499
56499
60000
56800
57101
57499
57199
57400
57900
57000
57901
58099
57700
57400
58200
58401
57399
57600
58100
57600
57001
57799
58700
58900
58101
57699
58400
59400
58301
58199
58700
58800
58201
59399
59200
58300
58900
59500
59000
59301
60300
60000
59900
61300
70100
67500
61700
61000
59399
59500
59900
60200
60000
59701
59500
60100
60200
60100
60500
60000
59600
59600
60200
60200
60500
60300
61300
60900
61200
61000
60900
61200
60900
60100
60600
61500
61300
64599
61900
61300
60900
61700
61100
62300
61800
61700
74800
67700
65499
62800
62000
62800
62501
62800
62600
63000
62600
62699
62500
62700
66800
63100
63299
62700
62601
63200
66700
62501
63500
63400
63699
63600
63301
63400
64400
64401
63900
64000
63400
63900
63700
64199
63700
64101
64299
63700
63301
63800
65000
64101
63900
63900
65501
63999
64900
64601
64399
64900
65100
64099
64800
64600
67501
64600
65200
65600
65899
64600
69400
64400
65299
65200
64700
66201
65400
66001
65901
65200
65699
66499
65900
66100
66200
66500
66400
66100
66501
67001
66601
68100
67801
67001
66300
66700
66499
67100
66899
66799
66499
67599
67099
67600
69099
66799
67199
67499
66999
68199
68299
68000
68600
68600
68600
67501
68100
68400
67601
67601
68401
68401
69600
69699
68800
69000
69400
69301
68801
69200
69800
69599
69500
69200
69600
70001
69200
69699
69700
69500
70101
69601
70300
69699
70500
69800
70101
69900
73800
69701
70301
71199
70900
70701
75099
71500
70201
70900
70899
71500
70901
71800
71400
71600
71401
71299
71400
71600
71099
71900
71699
71600
72000
72099
71300
72300
72000
71700
71700
72401
72500
71899
73100
72401
74800
72601
71900
71800
72501
72400
72800
73899
73300
72501
73500
72301
72499
77100
73100
73499
74100
73299
73400
74300
74601
74100
73901
73700
74100
77500
74101
74400
74100
74400
75000
74700
74601
74200
74600
74500
75400
78400
74299
75200
75400
75700
75400
75900
83299
76899
75800
74600
76300
76400
76700
76500
76500
76200
76100
76300
76600
76500
76500
76900
76500
76200
76400
76500
76100
76500
77400
77200
77300
77300
77200
76999
76800
77500
76800
78100
78000
77600
78599
77000
76900
77601
77400
82099
78300
76900
77801
78599
78600
78800
78201
79500
79200
78000
79001
78901
80099
79100
80200
78900
81200
79700
79600
80000
79300
79100
79201
79801
79899
79100
79600
79900
79200
79400
80001
79901
80201
81099
79999
79999
79999
79400
80500
80500
80500
80200
80400
82400
81200
81100
81400
80700
81301
81301
81400
81800
81900
81500
82000
85600
81601
82401
81901
82501
82800
82800
82400
82500
82499
83299
83100
82501
82401
82200
83799
83501
82501
83300
83800
86800
83800
83101
83499
82399
83500
84401
84700
83899
83799
84900
83701
84500
84300
84099
83900
85501
84400
84899
85300
84201
83800
85500
86000
84800
84701
85700
90300
84701
84400
84899
85100
85201
85099
85400
85301
85300
87200
85500
85300
86599
86100
86800
86800
86701
85399
85600
86301
85899
87000
86999
86200
86201
86699
87200
87801
87300
87201
86900
87101
87699
86900
87699
87800
87001
87700
87801
88100
88900
87700
88400
87799
90000
87399
87200
87699
88200
88199
88700
88100
88100
87301
88200
91700
88800
88399
88900
88300
91300
89400
89100
88800
89599
90500
89100
89300
88400
89400
89400
89400
88099
89800
89099
94799
90300
89500
90601
90900
90400
90900
90799
91200
90200
91400
90300
91300
90600
92000
91100
91000
91100
91800
91000
91500
90900
92100
91900
91800
91500
91200
91600
91600
94700
92100
92100
92500
92900
92500
92500
91700
93100
92400
92700
92000
92600
93100
93300
92400
93100
93101
92600
92700
92300
92900
93300
94301
94300
93901
94401
93700
93599
96799
94299
93399
93300
93900
94500
94000
95000
94400
98600
95500
94700
95300
100200
94400
94900
94700
93899
94799
94701
95001
94999
96099
96101
95501
95901
95701
95201
96500
95300
95200
95600
96200
95600
95900
95300
96599
99200
96001
96500
97000
97400
95600
96199
95999
96800
100501
96100
96500
96900
98099
97000
98001
96600
98000
98299
97900
97901
97100
98600
97899
97501
98001
98100
99699
99300
98301
98000
98999
99000
98101
98800
97700
101800
98901
99300
98099
99600
98601
99600
98899
98800
100601
97900
98099
98800
99901
99300
99400
98901
99399
99300
105900
99800
99500
100799
100501
100100
101100
100601
101799
100000
98900
99599
100401
99600
99800
100601
100899
105200
101200
100601
101299
102400
101499
102000
101401
101100
102800
101300
101399
100701
102200
101101
101200
100801
101599
107800
102900
102099
103301
101700
102501
102100
102501
103200
102799
102500
103399
103800
103299
103701
102600
102501
106900
103600
104301
103800
111700
103000
103901
102800
103799
103000
104299
103501
103900
103799
104700
103400
105000
107700
104600
104699
104801
106000
106100
104699
105000
107500
105500
104399
104800
105500
105700
105800
105000
104500
106100
105600
105100
105200
129799
110700
107300
107600
108601
108901
108500
107900
107200
107800
107600
108001
110301
107000
106900
107200
108400
107400
108300
107800
112700
107600
107700
108500
108800
108300
108401
108701
111501
109000
108001
108200
111001
108701
108901
109201
108600
112301
111200
114799
111000
108801
112301
115500
122001
112301
109700
109300
113201
109600
109700
110100
111099
109799
110599
111401
111201
110400
110400
109700
111900
109800
109600
111599
112099
110499
112401
111301
111300
110200
110700
111100
112199
111401
110700
110800
112300
111100
112299
110901
112401
112100
112000
111900
114300
113600
114301
111200
119100
113800
112699
112401
113100
112200
112199
113001
115500
112999
113101
114200
115600
114700
115700
114400
118500
115900
114301
113300
113300
115100
114299
116800
114100
114200
114100
113599
115700
114400
114900
114901
126100
113701
114899
113700
113500
115399
113201
119799
115201
115499
115300
119199
114101
115200
117200
116499
115000
115000
115801
116500
116001
115699
117201
115899
116001
116300
115701
115299
118101
116000
117700
116700
116599
115600
121300
116301
116800
117901
116900
116500
117000
117699
118101
117300
116800
118500
116699
117201
118300
117800
117900
116999
117801
117300
117499
119301
118800
118200
117899
117801
118400
121700
119099
117201
119200
117799
118401
118600
118500
118499
118200
120100
118799
119201
119500
121200
118299
119000
118901
119800
119500
119899
118899
119800
120001
118600
120100
122900
126100
124900
122900
121900
128501
123000
125200
130600
145400
150700
138400
124500
128100
119501
125100
126900
121600
121100
121700
121800
121500
121700
122400
123600
123101
122000
122100
125001
121500
122900
124300
123000
122500
121800
123101
122500
122900
123200
122700
123700
122200
124000
122500
123000
124500
128600
122600
125300
124000
123900
123500
124000
123400
124600
124000
124200
123900
128200
123701
123200
126200
132500
131999
138800
144799
156601
148500
132199
127300
127100
125299
124300
128801
126000
124600
125299
127101
127400
126799
128701
126100
125900
126799
126801
127100
125500
126499
126701
127600
128101
127500
126599
126701
127900
127799
126801
127400
127000
127201
127300
132700
127500
128299
128301
128600
127900
128400
129499
128001
128500
127499
130901
131900
132499
139100
134400
133400
130699
130401
129199
132400
130301
129199
129601
129399
129501
128900
130601
129199
128901
129800
130601
129500
130001
133700
140400
129800
131801
130599
130101
131100
135099
130001
130299
130401
134300
130999
131001
131800
131599
131201
131900
133000
130800
131099
130501
129999
130801
129399
131201
130499
131301
129799
130600
131600
130900
131400
133599
131700
131201
130899
130801
133100
138300
131599
133999
133999
133101
137500
133600
133800
135100
140300
134700
133200
134600
132200
132500
142500
131600
132500
132500
137100
132301
133300
135100
132500
133700
133300
138000
134400
137800
134299
134101
135399
135001
134401
134100
137400
135500
134500
135500
139800
134800
134800
136000
135400
136300
136400
138000
145200
135300
134501
144600
135200
141100
152600
166899
160200
143400
137300
134900
135600
140099
137600
135300
137400
140800
136100
136000
137800
137600
136400
135900
139800
138599
139200
137900
137200
137300
137700
137600
138800
138600
137300
138400
138300
142999
137001
144001
138600
139100
138599
138500
138901
139900
140800
138600
139499
138600
140000
138900
140700
140501
140600
138800
142899
140400
142100
139400
139399
139701
138900
139100
150000
140200
140500
141299
141700
140200
143399
140500
141600
141199
140501
1636400
145000
143801
144400
146700
157400
156800
144000
164200
163100
142700
148100
141500
146299
166701
143900
149700
140699
147101
143000
142899
142001
144300
142300
142799
141601
143101
142700
143899
143000
143001
143700
143899
142601
142900
148800
144801
156700
166000
172900
174400
174500
172500
174400
180999
192201
206600
208201
190999
169901
145700
145900
147100
145801
144500
144900
144700
146401
145199
146001
161899
148101
145800
146000
145399
152600
161001
145099
147801
148900
168400
144800
146800
144801
147199
145401
144799
146300
146200
162500
146499
151200
165200
173600
156599
163401
146700
145800
146000
147799
145601
162099
152400
170801
149299
150601
145400
147000
145900
147799
150500
149000
148399
147001
146899
151600
146700
148499
147501
146800
147300
148600
147401
148100
148499
147601
147600
151700
147701
147600
146800
147500
148199
147901
153700
149900
163499
158401
153000
152000
148099
151701
150700
148500
149499
149501
155700
151300
149500
150600
149101
150400
150500
149300
151000
150301
150500
149900
153300
149699
149801
152000
148900
149999
155701
155100
150199
150801
151600
150400
150600
151400
154100
150700
151700
152400
153700
153300
151200
152900
151900
151600
153701
180800
151801
152800
152500
151700
159099
155000
151800
153500
152900
153400
153500
155700
155301
153900
152700
153400
151999
155701
151599
153301
152800
152600
159201
154500
156800
152900
154900
154000
153499
152800
153499
154099
153200
153300
160501
155100
154000
155900
154500
154100
156399
154100
154201
154600
155100
155800
155000
155399
154100
154000
155401
153900
164400
158000
158199
155201
156100
159099
159901
155500
155299
157201
156400
158999
172401
172700
157199
155200
156001
164099
156501
157900
157300
157400
161701
156000
158600
158200
157700
157200
163700
158100
157000
157900
157699
158301
188300
158999
157501
158800
157999
163301
160900
158800
157699
159401
158000
159800
157500
157300
160900
158300
158099
162301
172499
179801
183200
179400
188299
166600
162201
158599
159800
164500
159799
159801
160099
159901
159899
163101
160500
161300
161700
160200
160000
162000
161300
162599
161501
160699
163100
161700
162599
163301
162600
162099
162901
163200
162499
163001
161300
162899
162701
163100
162599
160901
161000
164699
162601
163200
162799
165801
162300
169900
163300
163399
165301
163200
167100
163400
163200
162899
163699
162801
168200
164900
165300
166000
163599
197601
164301
164400
164900
164799
164801
164601
166000
164200
165400
165599
165501
181199
179700
163601
167500
167000
177300
165900
167600
166199
164401
167800
168200
165401
166800
166600
179500
187100
178800
167900
167000
167400
175399
169401
168400
169400
170400
171000
169699
168200
166700
167000
167001
169299
168200
167400
167800
167800
171401
167400
166700
167700
167600
167400
175800
168399
168600
168400
168901
176000
175000
171900
170100
169400
182400
179699
166300
173301
196500
167800
174499
170200
168900
180599
177600
179800
171599
170101
170900
173300
180200
171200
170200
171600
172300
173900
171500
171400
170401
170300
170801
177699
171101
171800
171300
171601
175000
171501
171500
171100
170999
172601
171300
169700
169999
172701
174000
172099
175800
171699
169801
170800
177999
172800
182100
193700
195500
179999
190300
172101
173800
175500
180199
172700
174299
172901
173500
180900
175400
174700
174700
175100
176900
173800
174501
173800
174300
177999
175000
174100
177200
174401
179600
175099
172900
174800
175100
178401
176400
173500
194500
198600
177200
179200
174800
186599
200000
178000
190901
178700
179800
178999
177701
179400
177400
179199
180400
175901
189800
171800
179200
177800
178499
181799
176401
179000
176299
177500
180701
188800
182100
200300
204600
181900
179800
178299
197100
196900
186801
177799
178100
178501
179500
186100
179800
180300
179000
178299
182400
199100
198300
185700
180701
190001
183500
181100
179999
181599
179099
179599
179601
178701
179200
186400
180801
179901
181800
181400
186201
182000
226500
233799
311901
237900
230600
236800
232700
234501
359199
239601
242800
232799
234200
232200
237200
232600
235400
234601
238000
235099
235199
234699
234399
234800
235699
231800
233799
233200
237300
235000
234300
232900
238800
240800
234900
236400
237299
236401
242400
233399
237500
236900
435399
237301
234299
236100
236600
242299
237900
238801
241101
238801
236701
236399
239300
244200
239499
238899
239501
239100
243600
241700
240500
236799
237899
276400
244100
238300
239900
243500
240100
242300
240099
241799
241399
243099
238900
241501
239101
237600
239199
242399
247000
240400
244200
243000
241700
239500
240500
239099
299000
425500
428700
417900
278500
185400
185700
187300
186200
190301
188199
197300
187201
186200
189400
188300
185499
187300
187300
187600
188500
186701
188100
190600
187700
189101
185899
210900
192799
188200
188400
188500
187200
190800
187401
186600
187700
188300
189400
194199
186300
187099
188301
191400
189100
190100
193800
192199
188801
189399
189100
188499
191400
187700
188800
190500
192899
189100
190100
188700
188200
188600
188700
189500
192700
191300
197300
191599
188701
190099
191000
190801
190899
190000
189800
196400
191299
190601
189900
192899
192101
190900
191099
189200
191100
190300
190101
190199
189900
191101
197600
192400
191601
192500
193200
191299
190700
191500
190299
196100
196900
188700
194701
192801
198600
194100
194301
192601
195700
194100
191900
192599
191301
197300
194700
195500
195300
192900
194800
194200
193199
194999
194401
200800
194900
192699
194400
196900
193500
193601
193300
194600
201400
195501
196901
195501
195701
195901
194101
194100
197200
199200
196500
194700
197800
197200
202599
194599
195599
195099
197399
196900
196500
198100
197100
198100
197200
195901
196901
196801
198500
194399
194499
196000
194801
198000
196799
195199
195599
199800
195800
197600
196700
199299
217600
198500
199100
199100
200000
198000
198700
197101
197000
199700
197900
199600
200400
202700
198400
198700
197700
197500
199300
200400
198800
197400
200299
199300
198500
201800
199901
204600
200200
199100
199700
202699
202200
200800
200301
199000
200100
202301
201500
201399
202900
203299
201800
200500
200201
203800
204001
202800
203101
200801
203000
199501
199300
200800
203800
199700
199900
201700
199599
206700
203801
202900
201100
202200
206101
201999
202800
201499
207199
201500
201200
202101
202300
205301
205501
202899
203400
207501
204500
203500
203601
203999
202700
203201
203900
203000
202899
204000
204201
203799
205400
202601
204000
203201
204399
209499
205000
203300
204500
205201
206000
206099
204200
205200
204900
203201
204599
204200
204400
209200
205499
205800
205000
205499
205500
205101
204799
208499
206000
205200
206099
207400
206601
205500
204299
206000
211801
207301
206301
206500
206900
209300
208300
207800
210300
209100
206399
206700
205001
211800
209601
206901
206600
210200
210000
209100
208300
211400
206999
209199
208999
207800
209601
212200
209399
209500
211699
209599
208600
208700
209701
212099
209699
208799
208700
208401
213300
210199
210099
209899
212200
210400
209700
209200
210800
209900
209000
209400
210000
210500
209700
210100
207500
210000
211500
217999
210700
211400
212300
211800
211800
211801
217601
210400
209500
211600
212500
214500
212100
214400
213900
216301
211600
213400
213000
214300
211500
213200
212800
216501
211201
213000
212300
212700
212500
214100
213300
216800
213200
212700
213600
213500
219300
213700
211700
213300
215800
214400
213600
215500
214000
211800
212200
212299
211000
219599
213200
212400
215199
214800
214600
215400
212800
219699
216700
215800
216200
214199
216200
215000
214400
215100
217300
217199
214500
216200
215400
215500
216001
216900
216300
215000
217901
215700
219800
220200
217200
217800
219600
216400
215700
215900
218101
223600
218200
215900
217600
225100
217900
216499
220700
218301
219699
219900
220701
218599
219400
216901
219899
220300
218701
220799
218100
218101
219099
217800
218001
219400
220400
215900
218300
217901
219599
218600
217499
218600
221999
220200
218000
218500
221099
221000
218901
219000
219499
220900
218100
222200
218799
219100
221300
221801
222901
220100
227500
221300
221000
227700
219600
219399
221700
225399
219700
222500
221701
222401
222100
220000
220399
220300
236500
236900
249301
238401
224000
221500
223500
224900
223400
222300
221700
225901
222300
223000
224300
222500
224100
222800
222600
223000
224600
223599
224999
223899
226100
222100
223700
224200
223800
223500
223900
225700
223801
223900
224499
224099
222499
223600
227000
224300
226000
225701
223401
225601
230700
227100
224600
224900
229700
225899
226300
225300
230900
227399
226400
228000
228800
224999
224099
225599
225500
226000
226000
227900
232701
225700
226201
227399
227800
227700
226501
226500
229500
227701
225099
226700
231300
225799
226600
226900
228101
225699
225800
226500
227000
227099
225300
226800
231899
226000
227400
227501
228599
227200
227400
226399
229400
227100
227999
227600
231800
227300
228000
227500
254700
230501
229200
235801
229400
230000
230400
229500
227600
229300
228400
235999
231900
229200
231000
234900
230400
230600
231000
246100
227400
233901
232700
230800
229800
230601
231900
230900
231400
230600
231900
231200
230200
228300
228800
235101
230399
233000
231701
231200
232400
230600
231700
233599
231300
230400
234800
231700
231599
230400
235500
230600
230701
232300
233300
229800
230100
229700
241501
232700
231800
235799
237600
232100
232699
232400
233301
233499
232200
233101
233599
234000
234301
234201
237600
232801
236300
234100
237399
232900
233800
232101
265499
233799
234300
237399
233599
234400
234300
235701
234500
234199
234900
239900
235200
236301
236401
236600
235299
234800
235100
240801
236300
238201
235901
238301
237801
236100
236200
237900
237900
236400
242200
236100
236900
237200
240900
238600
237400
237600
237200
237700
235599
237800
237700
236800
237599
239700
238600
239700
237200
236700
241000
238700
237500
237700
235901
235600
237800
238700
242600
238201
237901
244900
241300
242700
240901
242099
241200
239500
241500
241401
239600
238200
242000
239300
240700
239200
239401
240500
240199
238000
244200
238601
239200
238299
239899
240500
239400
239101
239401
238700
239899
239300
248299
239900
240300
241000
238901
239500
240299
241200
239800
240801
239899
241500
241500
240901
241099
245300
241501
240600
241000
240800
241799
240600
243900
241699
239799
241800
247000
241300
242000
242899
243300
243400
242200
242199
244200
241401
243700
246800
243000
241500
241299
245300
244100
243500
242901
242700
243300
243299
242700
244400
244000
243300
244300
242300
244800
243700
249100
245000
242100
242301
248300
243000
244500
243301
245000
244800
245600
247601
243900
245100
244600
247101
246200
243399
244900
244600
246400
246001
244200
243899
245700
245201
246600
244400
247100
246000
250200
246800
245500
244400
256499
245500
248501
250900
247599
248300
247500
249000
247201
247099
246400
248800
248801
247099
247400
248300
247501
246400
248400
247300
249599
247400
247400
246301
247999
246900
248200
247701
248399
251599
247500
249500
247600
245899
249200
248200
247601
249201
247899
248200
249400
249401
249801
250100
249499
249399
250200
250400
254100
248700
248800
249900
248001
249499
252100
249599
249200
301099
336600
328100
333700
330001
332601
331300
332500
332201
329299
339600
333800
332600
333999
340599
330899
335100
334499
336800
336700
337300
337500
334900
336600
335500
333801
336400
335000
339200
343500
338700
338200
337000
337600
336400
334500
339700
339599
340999
332600
341999
339600
333800
335300
347199
316801
325800
323200
333601
306300
323601
329701
334199
312100
313900
321799
365800
330101
312400
324100
322901
321900
336900
331201
309100
319300
328299
314700
325601
329701
323100
312099
323200
330900
317301
326699
324299
311299
322800
346600
340800
340700
342300
342700
338500
341200
342301
339701
339601
336900
339400
341400
338900
342900
337800
342500
340201
340501
344700
340601
343500
347101
346399
337300
340600
340300
342400
340500
340200
344601
342800
341100
340500
340400
340600
341101
340601
341401
340501
347801
345100
345200
349300
344799
354300
260400
268100
261699
261700
261400
259800
261900
261600
266199
262800
262900
260801
262300
267499
261100
262401
262801
263899
264500
263700
264400
262701
260800
261000
262201
263900
261701
262000
262100
263100
263100
263401
264200
261799
262300
262900
261900
263000
263299
265200
264400
266399
262600
267999
264400
262800
262600
263300
264901
266101
263000
263101
267500
270401
263800
272099
266401
263601
266401
265901
269401
265500
265300
266700
264200
269999
266599
266700
266300
267601
267501
273200
269000
263800
266600
264600
265400
270800
265000
265900
264800
264499
267000
266701
266401
265901
267301
267100
265500
268300
268199
269800
266101
271299
266499
266499
267500
267400
271701
267999
268600
267600
267600
269900
276900
271101
272700
269600
269600
271700
267701
271699
270600
270500
270500
269500
276600
270200
272101
270699
269100
272200
271199
269400
269900
269901
270199
270600
275700
271200
271001
270200
268799
270100
270301
268200
269499
272100
276500
273500
273500
275400
273400
273800
272700
278301
273400
272400
275200
269799
272500
275200
276999
304600
274900
278701
310601
278301
305000
281399
283199
284500
275300
293801
326201
320600
338100
338399
332200
340300
335700
328701
342300
330500
337300
338200
331800
329501
332099
330300
344100
326200
342599
341699
359901
336500
341001
276800
283799
278601
275700
276100
274500
279001
273800
280200
279500
275200
275900
277801
285400
300500
281300
287600
338800
292800
287300
283400
279600
286800
277500
285701
283299
276400
281799
281800
282501
287399
279899
284700
284100
278300
284800
281300
283701
282600
279000
279600
278200
277500
282300
277400
277300
276400
277599
284000
283501
278900
283300
278600
279900
280000
278800
279000
277800
295700
288900
281299
280401
281601
283700
280800
279899
281699
286400
284400
281499
284100
279401
286001
290800
287699
309699
291101
286701
284399
283600
281400
279500
283600
291200
282399
281299
279899
277899
280499
292600
284000
290001
280499
281199
281300
281501
288400
281599
280900
290800
281099
281500
284200
285400
292200
280200
284999
283000
282201
286901
304300
287900
285600
289300
287100
286399
284400
285201
285800
285000
288600
286900
287700
288300
283700
283999
282900
310599
344201
344500
370000
286101
299399
287400
296401
294700
284601
289500
283301
285499
284400
285501
286099
285000
285800
285500
283601
289200
285300
282600
287200
284300
283701
290000
285900
284400
287600
286599
287800
285399
299401
287599
292299
288400
286899
291900
293800
294100
290500
288101
287300
302301
292600
299800
291500
290200
287700
289300
288000
297001
290000
292799
292400
289700
287800
294800
287899
293701
292101
291700
288900
288800
289499
288901
291600
289600
290300
287600
287600
289600
290400
289700
291300
289900
289200
294599
289900
288800
291400
288400
292901
292400
288200
289400
294000
288700
293699
291999
288400
291500
290700
289700
290600
292300
289100
290800
293201
296101
292600
295300
306200
291700
295100
294600
290800
290900
294601
291601
291300
295500
291800
297200
292201
295401
292100
293200
291101
295100
293601
295001
292301
293701
293301
295401
291800
294701
292300
291900
301999
296399
292299
298201
291600
295101
293800
298000
295400
301000
295300
294100
292200
294100
291200
292600
294700
292500
294301
298200
293200
294100
295500
295699
293000
296900
296201
293401
294501
292900
295700
296000
294600
294800
294500
296399
293899
296301
298201
294700
294900
296599
297300
294500
304199
296701
295900
297200
297099
298300
298401
296200
296299
302000
298899
298800
296701
296000
296899
298900
298300
298699
299300
296800
295300
308200
302600
298500
304100
296800
308400
298399
295099
310501
299100
298999
299201
301100
304800
299100
302299
296801
297501
299699
296001
300201
298699
296801
298900
306600
298899
302900
309100
300100
299701
299300
296801
307800
303299
301401
305800
297900
302600
326000
298700
302099
301200
300999
308400
301601
302700
303200
301500
300199
302900
301500
308201
301801
301800
311600
304700
301299
303800
301200
310001
303500
302200
312200
302900
302400
301001
303500
310100
305700
303600
300599
307500
305500
304400
304500
307200
303500
304100
314299
303201
303900
305800
303700
303500
301800
304300
314400
305500
303900
314599
308600
305900
307099
304700
305600
307600
307101
302901
304500
306200
300901
305100
304800
303201
305300
305400
306301
305201
305400
305400
305700
304000
304700
306700
304101
304000
309200
307000
307800
304400
307200
304700
307001
308301
306700
309201
307400
307900
304700
306599
309199
305500
307699
309501
306600
309400
309300
305700
309800
307100
308300
310900
308400
307600
309499
308600
308600
311001
305700
306300
308500
309501
308001
316200
308599
307100
308500
309799
309301
310701
309800
313000
311800
310201
307800
314999
310499
312001
311000
311899
309401
310901
310600
311000
311500
309701
310801
312900
311199
311601
314200
311799
309701
314301
313499
308200
311401
311300
312699
312401
311000
313599
313301
311000
312399
310101
313300
314999
311001
314000
312099
313201
313200
315500
310900
317000
314101
311899
312900
312700
310900
314200
313100
313400
310801
314700
315900
312900
313800
313600
313900
319100
314000
311700
314099
322801
310000
316400
315899
313600
313000
315300
314001
313499
318401
318400
311300
312399
317701
323799
313600
314100
315400
314400
315500
315000
315200
315000
339199
314901
315400
315701
314600
314000
315800
316901
322599
315001
318200
315900
315400
322700
314399
314800
328200
317800
315899
316900
317200
316701
322900
320600
315999
315501
318500
318001
316700
318099
318101
321600
315900
328601
322100
326999
318200
317000
326900
320500
318700
328300
320800
323100
328000
323100
327800
316700
321700
322200
319799
317499
322200
320100
315300
320600
317901
318200
322400
322900
317699
319301
320100
320700
318800
325901
317999
321799
319801
351800
375700
327199
323200
320101
323700
320300
324800
324999
323799
321699
324099
321400
323100
322100
323200
333301
326299
322000
323999
323699
1831701
322000
325700
321900
325301
324000
324100
326700
323999
323299
323699
320800
322300
325299
318501
321800
323601
321400
322201
319699
320400
321900
320700
322800
323301
321501
322100
324800
322700
324900
322900
323000
350700
324800
324700
322700
328999
321600
335900
321300
320300
321300
324099
323699
327801
325600
324600
324600
324499
326400
329701
325400
324999
329200
326900
325100
324599
327300
328200
325100
322100
328399
333601
338600
326800
327001
323400
327800
340699
333600
325900
328700
356699
407700
353100
415400
350300
329800
329400
326799
332200
327199
350800
324200
326299
326501
326200
329599
326901
326300
324800
330400
329101
329199
328701
326500
325500
334500
328399
333600
331000
331700
322699
329701
328299
333100
332200
329100
335200
332100
331200
333699
329101
332699
327801
327900
340199
330000
330799
331801
330800
331001
332700
327100
337701
333699
333100
336500
373400
330901
333100
331399
331701
337000
331100
335900
331500
331899
337600
333899
330401
339300
331699
330801
374101
331400
337700
334600
333199
426900
419100
418100
341600
411800
333701
331700
338701
334200
334800
340100
334800
344400
332801
336400
334600
455600
334100
334100
333601
342000
408299
334501
334700
336799
335600
396100
335600
339001
427700
334500
333799
339900
339300
421600
336900
339699
477801
417900
417900
403800
402101
417000
434401
451400
440200
461000
364700
334400
344000
341800
325301
338600
335900
335600
332001
338899
369701
445000
436500
428400
440500
457000
447200
424900
335201
334101
346400
335800
342300
339001
336500
344500
337000
338399
373300
333400
386499
382901
383700
385200
381500
365900
340199
336600
336900
337600
340800
339000
338799
343301
345299
338300
343600
340299
345200
339799
339001
339900
334700
349400
343799
340501
342900
337900
349301
345300
344599
348101
338900
337900
343799
341701
340700
353299
338601
339100
344999
341001
348000
340300
339500
350900
338799
339901
353500
341400
342201
341400
341199
344000
337400
338599
354901
341400
343200
350800
338900
340700
350800
340399
346400
341001
343900
338199
351100
352701
352400
343100
342601
349600
341800
343301
352600
345200
341800
342000
345300
341700
364200
344800
352100
345799
344200
347800
342199
342401
346500
342401
344299
348701
344700
345199
342001
344999
347701
344400
344100
352800
346801
346300
343199
346000
349300
344600
346299
347100
346401
344800
349700
346900
347599
345100
346901
348000
345200
345000
345701
355500
349801
346401
462799
467800
462100
463500
461200
463701
464800
459600
463600
459600
339600
351000
351800
347800
350700
347299
347501
353699
346001
348400
350500
345299
350300
345999
347001
350800
346300
349300
352500
347900
349600
349800
350800
353900
348800
372299
351000
351200
353300
353399
349400
354301
347699
351700
428100
350900
351300
424400
351500
349600
348700
354500
352600
353900
347299
349599
357800
352400
351900
353801
352800
350100
351000
351600
421800
352400
349600
353300
353200
357300
357600
356800
352600
353600
353500
355100
356301
351900
354400
437900
351400
352500
355801
356900
360400
351700
350800
358200
352500
358200
354600
353700
356699
355200
354800
350600
353500
357799
352100
353200
360099
354200
356999
354001
355200
358000
354400
355800
353901
360199
384701
353800
353300
441000
354899
354000
363000
350900
350200
356499
351800
354801
357200
361300
359099
356001
356500
357699
357401
354899
446200
355600
351400
442300
358200
355699
356300
359300
355700
357599
362801
360101
356900
358701
358300
386901
356900
364400
359700
357200
362600
358200
361201
357799
361201
364200
360100
379799
398700
359799
363299
371301
360300
354901
356900
361500
359100
356401
356500
357801
362301
354999
354101
360600
355800
359200
364000
358999
357200
360800
360299
359701
359900
365300
362699
378201
358600
360299
362301
361600
363900
363500
361499
360601
361600
357100
358801
361099
363599
361801
363100
360400
430500
366600
367200
366000
361500
363300
362299
362999
363301
362100
362700
361400
363700
362799
363801
365301
364901
362001
362100
368600
365600
368000
362101
362900
360199
363099
362701
364900
362400
363800
360199
363499
364100
360800
362601
360600
361800
366200
364100
361100
367900
363400
363200
362700
370899
362799
363101
369701
367800
366100
428300
366000
364001
365200
365700
363900
370200
363901
371001
521100
366200
368400
363399
364900
456199
363999
364299
460300
367300
444999
370801
369500
368900
367500
361500
453199
442700
460400
463900
462900
466700
461701
496600
465500
462900
459601
458100
461999
458200
458200
470700
811400
819399
797899
362899
368400
369900
447201
368700
365901
365400
370900
365400
369499
368300
431400
369501
370300
368500
373501
366400
372200
367100
371100
373201
370800
368101
368400
368600
371601
372399
372000
371199
370200
375900
372200
372601
371600
374401
372100
363500
374601
369400
367400
367801
365500
369700
373799
367200
370301
372499
367300
366500
369301
373501
369201
371999
372599
373401
369099
369800
369900
370000
367700
369200
374200
370600
449401
373501
371600
449000
375000
372201
372900
373900
373900
371199
371600
369300
482100
368100
412100
370800
370701
375201
372501
376300
392801
371900
370200
437000
371700
376099
372000
378700
372899
368300
378399
371699
378500
377699
377500
374600
374400
376800
374400
371099
371700
375700
374200
373600
376399
373200
374800
373100
377999
374999
372600
372700
468600
377601
377299
376400
373600
383700
378299
376100
447901
383100
375400
376801
373901
375401
378499
377900
376500
389100
373600
375800
375601
379101
374000
378300
378400
378200
377301
378999
380600
373899
378399
376600
373301
374401
375500
378001
375800
373600
374400
375000
373400
373900
379500
379000
376500
377901
376400
379600
377800
373701
375701
379701
373600
382800
378500
377401
378599
380000
448099
378200
380001
386401
380100
380400
379100
379400
381500
378700
379500
386299
379999
383700
379600
378000
380400
379200
382300
387799
382800
380000
379900
381400
378300
381800
381700
379901
381400
383001
380300
383700
378100
382800
378701
381000
380301
381600
382000
384200
382700
382500
386501
389599
458400
383100
384199
388001
382000
386900
379900
383300
390100
384800
383000
385500
387299
380200
382600
385300
384601
384100
388099
387100
391900
482101
397900
389599
387700
384100
383800
383299
380299
382400
384699
384500
383900
383701
381700
383400
472500
381700
390099
385900
388301
394100
385899
390399
386300
386901
382000
383600
391599
385100
386299
427700
387000
428900
389699
386800
466701
400499
391199
470699
389200
393801
478300
388200
390199
387100
393001
391801
390201
387501
385900
473800
387400
392599
491500
387699
462500
392001
387101
471500
389000
386300
388700
397900
389200
471800
394999
391400
391799
395000
393000
490200
395900
395699
388500
393799
391699
489100
391399
390199
390500
390901
390701
389000
394600
437200
388900
389799
474600
392900
390100
478299
391800
397700
389799
390600
400300
439900
394500
390101
490300
390400
396900
513199
394199
474500
389800
392300
392900
401999
381600
396800
391701
394301
393801
391000
392999
390100
391501
385501
394600
391600
392500
392300
389699
393999
391099
399400
390601
395600
397800
390899
395300
393700
394100
394501
391900
391500
392599
405900
392600
398600
392600
392500
392000
394900
392600
474700
397200
395600
476000
391299
397100
401699
394000
397200
395201
397700
398600
400101
394000
394700
488800
396700
397400
396100
404300
397700
437000
396000
394700
397000
395401
401800
491799
401500
395800
394600
397700
393800
502201
394199
500499
394300
389600
400299
395499
396700
396800
397900
396800
400200
406900
399800
399600
401901
402099
403400
397800
404999
402300
408501
402500
486700
402401
402700
473100
398500
400800
399499
403800
399301
430300
399401
398800
421501
400601
401700
402501
406700
398200
493900
398200
402800
399900
409300
401800
418599
401900
400601
400200
400800
407800
403100
404799
399100
492601
412700
406301
401501
402599
405999
402400
400801
401800
422200
403700
401301
405500
401700
402800
395899
402499
402300
404800
500401
401800
406200
407000
404400
402199
500199
399500
399401
401899
416800
403000
402601
407600
404500
411400
402601
403299
404599
404300
410199
406299
405999
405799
407500
404099
403900
405900
404500
408101
404000
408001
407499
403200
405500
407300
407699
402800
407500
403900
403701
406100
407100
401901
405600
416300
410700
405600
408999
414700
408501
407600
407499
404500
411600
411200
408701
404800
412200
408700
411500
413200
409100
413100
408701
410600
407400
414500
407699
408899
411100
410800
408599
408599
413300
412201
410200
409800
413400
410700
409300
412100
412900
420600
408100
410600
406100
494100
410001
414300
411300
416301
409000
498301
409201
412199
494699
411800
409601
431900
414801
406400
413200
412700
415501
408500
410400
410100
408299
410500
412000
471100
407799
410800
410400
413701
410001
408099
412500
410100
416701
410100
416301
408100
414400
411400
413100
411599
410800
414899
412800
411401
496500
411200
412200
488900
414900
419201
502901
418100
413300
417299
412400
410200
419700
410401
412400
418500
416599
414000
416601
411600
412500
417900
413400
414499
413200
418901
413300
415600
418201
417100
414400
417701
414000
415301
420099
412500
420900
418799
421799
419699
422900
417899
415300
418300
417001
418400
417799
417000
418100
419801
413300
495300
417600
418300
420101
419001
420600
417000
423100
420600
512600
417299
421900
421400
416400
416300
448301
417400
419699
469800
415499
427500
493601
420600
418799
763800
1001400
494099
419399
425800
419700
422200
418000
421100
419500
423700
422001
421801
420801
420001
430301
429400
429400
422100
439101
421700
423099
421899
419799
421599
419299
424000
420700
418700
421800
422100
423701
429400
424000
476300
471300
461201
447701
422801
426900
435999
420699
418199
428800
427700
433300
431200
425001
423399
426300
421300
430900
434799
425700
428400
436999
425100
425400
432000
424101
428400
423800
428400
434001
422700
434000
426400
430400
418500
419999
419100
426099
421100
422300
423700
432601
423200
425600
421600
423600
425700
420899
426600
522100
425200
428400
425400
422500
426901
424900
432400
422201
420601
428100
427300
507501
429800
429400
513900
430500
426300
426200
424899
431400
424600
432699
423200
424300
426301
425600
510000
429800
427800
454300
425699
428200
429700
430099
432700
429600
425301
423599
515600
432199
425400
499201
431701
429500
531100
427400
431800
429000
432499
428300
433600
432901
432401
446199
428600
427500
491999
425600
433201
428899
427300
435201
436301
432201
424900
433100
428901
430999
484100
434499
432599
433000
429000
429400
430200
433400
433101
507601
430299
433100
523300
433200
435800
508000
433601
431201
430899
436499
433799
508600
435299
432200
521200
434701
439001
436200
435899
439100
441600
434500
440699
513500
438300
435701
435301
433101
447201
435200
434500
431399
514800
440701
449100
434799
437099
433700
527000
432800
432399
511799
438800
436201
435000
435900
440499
515000
434000
439100
439300
432600
434700
437999
435999
439900
523701
434700
437300
447501
445899
440300
436101
448001
438901
519100
439600
453800
438599
440500
436600
484199
436599
437000
517200
444400
435100
513100
439001
439399
436300
441400
442700
520700
438399
443300
515000
442000
438701
438599
435199
440900
517800
439300
444400
515299
436900
442300
436099
446300
431100
516600
440800
438000
516500
440800
438699
436899
437000
439901
441300
437000
442100
436399
438400
440000
451800
442100
442100
439001
448900
439101
443400
440700
441700
439200
528700
441800
441300
441700
440700
440599
442000
436300
436999
556499
443500
438799
545100
442601
445300
529299
450599
446800
535400
448200
446500
444100
442400
447500
537000
449101
448501
444300
449299
444900
450000
445600
443601
518900
450800
445400
448400
443400
449199
487900
445300
441900
519200
445800
441401
531600
446899
442900
446100
444000
449899
516700
444200
442500
469000
444900
442300
444800
449899
446599
448000
444200
443800
447101
445600
444600
445300
446201
446499
443000
445100
444600
451900
464100
445899
447799
453800
446701
447599
445500
444900
445700
519700
447100
449999
516400
443700
450899
458900
454199
447999
444700
447300
447200
448201
447400
455399
454900
451800
452100
448901
448800
452400
445399
449299
446899
449099
444900
451700
455600
518101
452999
452000
527601
445900
446401
533500
446600
452000
536100
449800
455699
522901
451300
448501
524601
447401
454800
522100
448901
446900
554701
452101
459300
522400
447900
450000
476000
452900
452901
493700
454899
448599
459400
452799
450499
448599
553899
451800
459299
452000
454800
451600
457500
448901
450801
453099
451199
451800
528101
451200
457000
535600
455900
453000
450799
453200
462801
546501
459000
457100
522900
454700
453900
527500
453901
457700
454001
455800
451801
543000
452099
455200
521901
455701
454000
486600
459500
456699
521400
456700
454801
538000
476000
591199
728600
589801
713200
589600
592300
588000
592900
589600
593901
591500
588101
591599
721299
570299
515501
457800
458000
515700
459400
456101
523100
454299
453001
533000
455301
467299
458500
460900
454799
466800
455700
456000
459900
461499
454800
457400
531900
454599
452200
455501
453900
459400
513800
457901
455200
465400
462400
461500
522600
465701
458200
553801
470599
462500
460500
463300
464300
459800
465400
454900
458100
462800
456200
457899
509800
464600
457201
465899
461399
464899
533200
460700
456599
531100
462000
456600
510000
456001
459200
547000
466100
458800
483600
464100
463600
464100
460900
464800
463400
462400
461800
465000
462200
462500
468399
548600
462600
463400
463000
460800
474100
547401
461300
462899
460900
467800
462800
534401
463599
467800
461101
465401
464701
466600
462200
462200
467000
551600
465600
465700
463801
471101
465900
530400
465400
459800
462700
464300
464500
540400
466099
464100
486200
465999
470200
464900
461900
464200
470900
460400
467300
463600
463799
463699
464399
468900
460900
463500
548899
475699
456500
552400
464599
465300
537301
467801
465100
466299
463999
468400
464701
465400
467299
464699
469300
464600
463200
464599
466100
465701
544300
467699
464001
474300
473100
469000
465401
468401
464899
464499
467900
465700
466800
468100
466801
472500
480201
468800
465199
552800
474700
468699
465699
468500
469101
473000
470301
467199
468601
465700
467200
468301
552700
472300
472701
467900
483600
476300
471200
472900
469500
479601
476500
471400
470501
475100
475000
478300
475600
471201
481800
474700
471800
473200
581000
472201
470100
477500
472799
476299
544400
472899
474100
499900
476501
470701
568700
475900
478600
610600
505900
497100
486200
482000
494199
490800
475699
482701
493400
475000
562500
475700
474500
475400
471900
471099
473900
480200
473400
487400
492400
483499
476599
471200
474300
473900
564101
476100
472200
557100
473400
477900
551900
472700
477501
477501
476501
485701
475200
471200
473599
476000
471300
474000
472800
557900
470400
476701
548100
473300
475700
522100
481500
474100
475300
474500
486400
475300
476300
477399
475099
473300
476400
475400
474800
471400
480099
559101
470999
475299
557100
471901
473000
480300
479900
474400
472500
474000
472599
487700
556699
483700
481400
475300
478600
478999
554099
478900
485501
573299
477199
475200
480799
483500
478001
486001
480799
476100
479301
567701
482901
483499
485200
476700
477500
548400
476901
482200
559900
478701
481101
558000
480199
480700
571101
482500
490000
482701
482700
482901
485099
483601
490500
484099
582899
487800
488500
485899
480600
490600
560099
483300
485699
480200
482800
485500
553700
482400
480399
485000
493900
482299
483500
584600
487600
483501
484900
480501
480200
485400
483500
485400
531100
489900
480799
568100
491400
481801
481300
479499
485700
479400
567300
480000
483700
485899
489600
483400
485300
482600
487799
578201
481399
484301
554200
485600
484801
483799
481600
495201
484599
487400
489900
487499
491300
488301
485400
571700
484399
485101
486900
491300
487299
485500
489500
487700
488500
486801
490200
490400
490600
492700
489800
556500
487800
489800
486600
490901
487101
491100
493299
489100
484900
488400
486699
489100
574800
486699
488400
566900
497700
495800
581100
488900
489200
517800
491299
497400
489600
489500
489600
489000
583600
492099
493200
574801
493700
490700
493500
485199
501400
493700
495900
492100
572200
490700
496801
496700
497100
491301
491601
494601
493200
491900
541899
499100
503200
567300
492701
488499
576401
500300
491800
496000
493399
492999
498400
497900
499100
488900
490800
497300
495800
496500
498500
496101
497801
496799
494399
582400
497700
496801
495300
499899
498900
494600
499400
495400
495800
496199
498800
496900
506900
499800
500001
497899
498900
496700
495100
495099
494801
496000
495599
495000
499500
495201
497699
496401
494200
494300
500700
498699
498200
495200
496399
497201
495900
494699
589901
504200
497799
504899
490000
497199
577601
497300
496901
498600
497900
502700
498799
496501
511400
497700
502999
497401
495600
499000
499199
499700
496399
500001
499700
499799
497600
497600
497700
505300
496499
496900
519300
493800
503500
495700
498700
496300
497500
503199
499301
499500
496900
501300
496600
581000
499500
504300
583800
502600
497001
498300
509400
504200
499699
498901
504900
499199
504600
502101
543700
582600
499500
504000
501499
499801
498700
502100
503600
496800
505701
504800
505400
505499
576300
504200
510100
507900
504200
504500
498200
504900
496400
514000
502699
504400
503001
679800
512399
506300
506401
501101
505300
508399
500001
504600
510899
508701
507200
503800
580700
501699
511401
554999
509900
513601
510899
505800
505700
507801
502000
502599
502200
596400
531500
506500
529400
502199
502900
579901
504500
510400
577699
502700
511100
503700
503899
503600
506099
503600
510500
504900
588100
510699
509401
534100
511400
503400
508200
505300
502100
502700
501400
517700
509501
503500
507200
507200
573800
506100
513899
507199
505500
504700
508001
606799
509201
504801
614401
504300
507300
603000
516900
507300
595300
506800
506599
586500
509900
505700
506600
525499
513000
507301
508801
511400
508199
570601
512300
510400
584200
511000
514600
587800
508299
515001
512399
510500
518000
509700
605500
505500
509900
594800
507500
509400
511900
550100
517600
513300
511700
510600
510000
604500
511300
513400
602100
510199
515701
597700
511300
514599
510301
520200
515300
510900
504500
512799
516501
511600
516899
512101
513999
523201
509700
512700
515199
512301
511000
595500
511200
503700
516101
518000
512599
516200
509300
510800
517900
520100
515800
520400
516200
511400
515600
572699
513501
520900
587399
508300
518200
514100
515601
516600
513500
610200
518400
515799
597600
517601
520600
597500
515801
521300
539399
517299
518200
522099
516001
513600
519900
516000
525100
517000
593700
518599
523201
590100
516900
519800
519500
518601
523499
515801
524800
518199
513700
517000
518200
522200
524899
520501
519099
517899
532101
516100
520400
518200
519200
516600
597600
524399
518201
525900
521000
516300
523300
519700
517000
525199
605201
518800
518100
612700
520799
519001
527701
521900
519700
526499
519700
518999
518699
566601
518800
517999
595600
518800
523001
524800
517900
519800
522700
521600
526200
521400
607700
525999
523801
612600
524800
526400
545599
524601
520100
519500
622100
519600
520700
520600
524899
521400
615401
525700
528200
522400
530800
526500
527101
529899
520300
527200
532600
523999
532401
604601
521600
522300
525901
525400
520399
525001
529299
521901
525300
604700
531099
526600
601299
527701
524399
593101
527800
527899
526301
522400
531000
526699
532601
523601
527000
525999
523200
526999
526500
536899
527001
524700
636401
531200
521900
609500
527799
530100
550700
527301
525199
556301
529700
525900
525799
528100
528800
528399
629101
527400
534500
617400
531599
531701
524701
526400
527000
527799
531401
537100
526200
531800
525899
527101
601500
533101
528700
528999
532500
525401
528199
531401
529201
530400
596100
609300
696500
703900
703600
695100
694701
700500
691900
699400
695600
706600
695899
827800
714200
697799
698501
707799
838000
702400
695600
704999
715701
833499
704500
708600
607101
536300
533601
535300
530701
1161700
926800
533400
534300
539200
533800
530599
529800
536299
536901
534600
531900
530900
534500
533100
543500
534500
536400
525499
530401
535200
540499
533501
530200
532500
536700
533200
533700
538000
535500
531900
534400
615499
536601
534900
537200
532500
533400
533100
542399
540300
537000
622200
537001
536400
536800
537199
538701
535100
626600
539000
537799
536700
539200
535800
608301
535700
534800
537301
538600
535700
538299
536301
536200
541499
627300
538300
538600
536000
542199
538701
532400
538500
547500
540499
566100
538300
535100
535000
536599
534900
541100
546100
545800
538600
616600
537600
544101
618500
542500
537800
545200
540400
536600
543700
541199
538300
545800
538600
538700
543901
539599
538801
539200
541501
540099
536901
543200
619101
538899
548100
541400
538699
538201
542099
624201
549001
541201
558399
548599
530400
620099
541701
542399
546899
547500
542401
538500
542601
537500
540601
627300
540499
538800
541299
547099
544501
545000
539399
551901
542000
629000
545600
543601
543800
549299
541401
541699
543201
540599
548100
615400
542600
542500
621301
545700
538999
543201
538999
550600
542100
619301
552900
540301
623500
548100
543899
547099
541400
541700
541800
544401
546300
546900
539700
542101
545500
547100
549200
542300
547401
540401
545400
541800
595100
543601
540800
547800
543200
549201
546701
567801
547500
545799
604900
543400
542599
547799
543800
546401
549300
544501
546200
544100
636699
549900
545900
550500
549800
544400
544699
636100
549400
549300
552400
549800
544200
549300
545000
550000
548100
544100
545800
547500
630400
546401
545101
545600
545500
548300
558899
631600
551000
550800
640499
545699
548499
548800
556901
547900
548800
550700
553599
548300
623500
550000
553200
628100
555400
548500
551399
547799
557900
549900
549600
553200
549500
631499
551200
550400
551600
551900
551700
559900
635399
550500
552500
550999
552501
553700
555000
553400
550900
553801
556900
549700
555600
624400
1818900
564201
561100
557099
583001
560399
563100
562000
556200
594800
557701
559200
670500
556199
553500
632499
554700
559900
557299
557200
565300
771600
559500
563700
555499
552200
560200
558199
648100
556300
552600
599299
554800
589900
555799
646000
551800
553801
555200
557301
554900
555901
561600
560400
558299
554700
555099
553800
1009900
1276500
744699
562099
557600
565700
564000
563300
558899
556900
560800
558299
556201
559500
554700
557900
571200
560201
639200
564600
558301
558400
554200
566400
680600
555101
559700
563800
556699
569400
556700
629900
563100
557400
562100
556499
561299
559000
640601
556700
558900
563000
556499
564100
561399
563300
560299
556500
557301
557900
578800
639201
566100
571099
556101
556499
557801
559100
562200
559500
563100
563500
557899
560799
556200
561600
559100
558699
646400
560100
557300
631900
562700
568100
564200
564100
574001
559100
663299
570100
569199
646100
570499
573999
562999
566900
559100
564600
562599
566500
564700
631399
570200
566400
563701
566001
565500
564400
566900
569600
573101
644999
563800
569500
567200
568500
565200
572301
567799
564500
565700
566800
566600
568699
570700
568999
567600
562300
569299
567200
573499
569400
566499
565000
583400
572401
584601
566200
569100
570899
569600
570099
566300
575900
566400
566501
567800
564800
643400
571999
565500
571000
568800
576701
580400
645700
571900
569899
569000
1125301
563500
576699
564999
571500
568699
570100
566900
577299
567000
570800
572700
572100
582299
566700
573601
567900
570501
575699
567800
572300
571000
569301
572700
575400
610800
579299
564799
569300
566700
568901
574100
644500
569000
572100
567500
573299
567900
568100
573601
568600
570101
571800
569501
579900
571599
578399
572800
571800
581000
600399
570900
569699
569201
573099
570000
554201
571800
567700
576700
572299
573701
574400
576700
578200
574800
573300
571101
572499
568700
578500
582700
570400
574599
572501
589000
577700
570100
570001
575399
570700
577900
578200
577700
572199
571400
574900
577800
575300
579700
573999
573700
584299
577200
576300
587799
572200
577800
574200
579600
585401
578200
578300
577300
578200
581300
577601
586201
580000
573299
585800
576000
577900
595300
579200
574501
580600
595801
577099
590701
573401
577400
582200
578100
668701
588900
574299
576099
575501
578301
583000
584899
587901
583900
576801
579101
574300
585700
589200
579300
578500
578000
582599
592500
584300
581500
584401
576299
583400
589801
584300
589301
578200
577800
584701
574799
583900
583501
585300
582800
581700
621801
591701
584601
580300
582999
581800
581600
659199
579000
585199
654500
582600
589701
583400
587200
604600
587600
656501
594799
590599
604099
583200
584699
580300
588800
581700
593001
609699
581000
594400
583600
580800
590601
584801
582400
584101
587899
581700
585500
581600
767101
770399
759899
771099
761899
764300
774501
776499
770800
786200
766701
769100
769299
766000
769399
771100
768000
770201
774800
788500
773100
774700
769800
775300
775800
783399
769300
770401
776600
772701
774301
772500
770601
1083900
608300
593500
592401
587600
589701
597499
589899
588200
586600
585800
595000
585800
588499
589999
588799
658000
592301
587200
586801
601599
588499
589299
590999
589500
589600
667999
590999
586300
587501
589801
597399
587000
589500
590500
585900
585401
590800
589700
592800
647300
590200
587899
668900
589200
591300
591900
586200
602699
588499
586699
588400
598100
588400
597600
592901
581400
596900
593800
592700
660699
1722299
1164899
591500
588900
593100
620600
593700
590101
589601
594000
593099
589899
591899
813500
590400
595199
597800
609500
594700
608301
594600
595700
643501
589700
591800
598599
592900
594200
678301
604501
630399
593200
597699
595700
595900
682100
594300
594700
848001
625500
646900
668101
600100
597300
591899
592700
594500
624501
596500
595800
603101
594801
590900
598800
595200
672900
630700
596700
622600
596100
598000
590600
607500
899600
796100
773001
771100
783201
768201
777600
775499
764100
774700
773500
772101
784901
772000
773700
1638601
598600
601901
628099
769600
601600
596700
599700
671199
596900
599801
595300
599001
600400
598100
595700
600500
605501
601901
599699
600300
597700
629400
598400
602800
625600
600400
601901
601100
842200
595100
598400
602300
594200
597100
664900
604500
600099
620099
601900
597700
600800
598600
596500
597100
600300
601601
602400
595400
609100
606500
605201
608601
613000
790701
646400
603401
601700
600200
603400
608299
608000
667500
602300
601599
602900
602900
602400
620501
680701
603801
606801
600801
589000
600801
603800
605501
607899
625600
770700
608300
607400
607000
621299
611000
606301
609299
601300
604000
610800
605100
603800
603900
623200
609301
605700
610900
600700
618599
609300
604300
610501
602900
683700
781600
614901
602599
606800
603100
609700
602901
609700
616000
707801
610600
612300
619000
615099
614800
604899
608400
605101
651901
607599
612800
611100
612300
608000
617700
818100
681700
614699
606500
609500
609500
606099
606100
709300
612000
618300
652099
614100
617800
611600
616699
616200
611700
690400
610700
606599
606700
606500
612500
799100
1459900
615700
609900
615301
616999
610800
613500
615200
604701
609000
698099
609200
619600
614499
606199
610200
617101
613400
613900
610199
609700
612700
608400
608400
683101
607599
608300
646499
613400
606701
613600
611700
603399
612800
609601
611300
611300
618000
692000
615101
611800
608700
608500
611800
614300
696600
613700
608801
613500
617201
610700
607900
694900
610200
615901
615600
609400
609600
616800
619900
612599
621700
612700
615100
616001
617600
637900
616501
623701
610599
619400
613500
613700
691200
617601
616001
615201
637300
615300
613000
663100
615900
615501
615299
614400
661600
612801
610000
611100
700800
610401
613800
621901
623900
611400
615300
609201
611200
610500
615300
616401
614499
612900
614001
609800
619601
685399
613400
616401
613700
620800
616499
613300
694400
619201
615500
626600
614200
616200
622201
620400
616800
621599
616400
615900
610600
616999
620799
619300
616199
617599
617300
618900
615199
623300
616900
615299
616399
627300
619201
615501
661001
621000
618700
621200
619401
615001
622700
641200
617399
631100
624799
619600
625400
620999
690100
618700
622399
619000
618900
628300
625300
700500
621200
621999
699500
622599
627400
619001
621801
620499
628100
625599
635500
618400
618900
624100
622200
620201
680100
630500
619001
631601
625900
619400
623500
624100
623199
624800
633901
622801
620800
626900
621101
620400
621199
625300
626400
620700
621201
698900
626600
626300
619001
649701
633501
623201
619400
628000
625301
631200
625400
621000
621601
639800
626000
628100
643100
623400
620801
629201
702600
620500
633300
626000
626800
661800
629499
622900
633201
633001
628000
625500
1521700
995200
635600
657300
638399
627700
626500
624600
841600
628900
629600
681401
628600
630700
629601
628800
646100
634800
701700
628001
629200
626500
627501
631199
626000
648801
636901
626500
628800
629901
662299
646799
653901
637999
635500
688400
629800
630801
625401
630200
625700
632000
626100
628900
649401
627500
628100
630600
631700
632700
627800
627999
627200
640799
630000
799700
707900
638900
631799
726800
630501
637200
632700
634400
632700
629500
705601
632501
654400
634700
628700
628600
635500
719201
636500
637601
639800
637700
631000
813801
633501
639001
636999
664499
637001
660900
638401
633799
639200
637101
698599
633999
643100
629700
640299
635200
637901
718500
640000
634199
638900
657600
827300
634299
635800
639901
642000
679601
635700
634100
636399
633499
637000
637101
707800
642500
634301
642801
640100
633099
637200
637501
632800
642200
637601
640000
823100
637299
640500
637399
638100
641200
687700
641900
634101
632900
640999
645999
709999
642400
659800
636300
663801
645201
653801
710200
640000
642100
636800
848001
646801
641000
749600
635999
640000
684101
636899
659200
646400
640400
638199
637000
634900
636901
649800
650799
655000
640600
645100
716900
636699
642600
642900
633801
634500
636600
640300
640100
636301
636700
642600
640599
648700
716101
653100
639199
742000
640201
638000
642600
639100
641400
647900
713500
677500
639799
791900
641900
642200
647199
644200
648099
652300
645299
636700
637801
646500
642700
641800
645600
646700
641400
638201
636699
730200
650601
649801
642300
645100
839400
652201
648300
641100
650900
719600
646300
644300
635199
656201
644300
646601
645499
646200
650800
648600
641800
651100
652300
643600
646701
648401
648300
652399
651300
639101
645200
646500
646900
644000
652801
648399
640500
653700
652301
643900
646900
715500
650001
649300
647000
653400
646700
643599
739399
654700
649700
647800
647600
648899
646999
649300
650400
648001
651300
652200
647700
647001
653501
647300
651199
648701
731501
649299
647600
650900
647401
646400
650599
711200
650601
648700
646300
643300
645201
650400
661000
650301
651799
647199
648199
650500
646201
656300
648899
645999
659200
735300
648800
654400
649801
650600
644500
654700
651900
651400
655000
649600
649700
657700
659100
657100
646501
648301
654099
655600
649900
662700
657100
661000
649900
655200
652201
649399
649900
653800
651599
655100
651199
718500
650899
657000
654199
651100
649600
653699
650100
658901
655501
655100
653901
658500
654700
653701
646899
658100
655700
648300
657900
665601
656000
655900
659899
655000
647700
664800
651000
663001
656100
661199
661099
657400
670100
663801
659200
731900
660200
659500
667200
658199
666900
658600
733500
654400
672600
649001
667999
659499
659300
723900
654900
668299
665600
664101
666000
658600
729300
661000
661800
667799
659300
656100
660700
662500
653601
664600
665300
727401
659800
659800
661601
657600
668000
659200
737001
660301
661601
672300
657200
666600
665001
667799
653900
669401
666000
660401
652701
667099
661799
659299
660899
663800
696101
654799
664400
683301
661700
662499
675600
731000
660700
666000
674300
663700
660600
665200
741801
664900
659700
664300
665500
642600
669799
669900
664401
657200
659399
661999
658299
669100
749901
665501
660800
674900
671400
664800
658000
740201
662100
660500
668099
661799
663801
667299
666500
678900
669399
664901
698899
674100
672600
666000
672200
674300
676100
723800
671700
670400
664901
663800
667399
662201
779200
888400
883300
973800
880000
884900
883500
876200
877800
885700
895400
894901
902900
889000
900499
893101
882800
898800
890800
896399
1005300
895199
890901
893000
892200
1128400
1174100
671800
670701
663599
665700
668899
679800
743901
669300
662701
754800
749500
750900
748100
747601
749900
748500
757499
752699
755700
749300
752001
754701
753601
751801
754100
724600
674300
673000
702900
671400
675801
681799
667600
737100
671500
664801
669800
667500
668900
666900
674900
672200
673500
667700
751000
681700
676701
668100
680400
673400
662900
677501
675900
671500
668501
685700
671300
676901
670999
761400
679599
675199
670900
669900
679000
675000
679700
672800
681199
752001
671700
680600
677001
673300
673100
673600
675900
678000
686000
676000
723900
677000
678699
677099
680000
673700
680900
757699
679000
677401
673500
675000
677600
673400
743699
682501
675500
674900
673300
679000
676799
670000
679700
676199
670600
682900
682600
677899
675300
767901
676900
680599
676499
673000
684000
681500
679601
678300
679899
680801
675700
683799
684000
684699
682101
689300
687900
684899
673400
689000
687400
679999
675399
681300
676800
690400
677899
686101
1511500
1130900
676301
676901
676499
677901
688300
674500
678001
683899
673300
677199
683300
684000
679701
674900
676000
665599
678300
676601
679900
687400
679600
680400
677201
679201
687200
680000
685800
680200
674500
689500
680999
677601
679000
682900
676301
676901
677700
684600
692400
679100
680500
680300
677199
688600
687800
688600
681599
685001
700800
681299
683300
681699
684900
679000
683600
685900
692001
688100
682401
687300
687000
683199
680800
684799
690600
685800
683199
679200
680700
677700
675800
689900
678800
683901
679199
680701
678700
679899
680701
688600
681200
683400
683800
679100
678400
679600
696801
686000
681900
682300
698000
692699
679801
682799
681001
687600
685299
687100
686600
696700
665900
676100
700000
697601
689600
685800
692000
686500
685300
681600
680900
692901
684300
681799
689999
681600
695300
683000
685000
690300
691100
694300
705799
688900
689500
694800
686199
694901
692500
696199
688499
689499
684700
686400
689200
686099
695101
685000
685800
691199
692301
686000
681499
691599
698001
683200
693500
700600
691200
696300
693301
686499
686601
689000
692999
700501
690200
685600
686700
692000
687100
685100
707800
691299
684000
687900
693200
686700
689000
697400
702200
696201
710399
688000
696400
694800
694999
689700
689900
703300
690200
690900
692800
702500
693799
687100
699999
690500
690000
692701
696799
696100
698599
687300
689100
693400
690800
697700
694900
692000
692399
694101
697599
696800
720500
690500
703300
690200
714300
698000
686500
698100
692200
694800
692600
696299
694101
693100
699300
696700
692699
694700
696600
696700
690000
699199
706500
703300
692401
693400
700600
694699
693800
701499
705801
700799
691501
702500
700099
694101
695500
686900
693799
690801
690399
693201
694001
692700
692200
697500
700500
704200
703500
692800
692600
703900
690499
693101
703400
693900
690100
690600
706900
701300
701800
693400
694300
690301
701300
704600
696501
694700
697800
689600
705901
698400
704600
695301
700100
697200
702500
691500
689100
689200
695801
696599
694801
696499
700201
696000
704300
706400
697500
700301
705600
711899
698301
702300
700800
697799
700601
698600
695999
697301
701700
712300
696001
706200
702500
703900
703100
700400
709099
706901
707000
700200
698099
696801
700100
696400
701600
703900
694100
697999
710300
698000
699300
693800
793900
703800
700300
697800
696499
704300
701100
700900
693701
697200
698900
705000
704200
700900
711401
699799
706299
700001
696900
698399
699300
696400
696600
699100
698200
704400
709400
709401
709100
701100
710699
710100
707201
712301
705100
704400
703900
702000
701899
697600
700899
698201
