5500
600
500
400
300
600
500
700
800
800
900
1100
1200
1600
1501
1800
1900
1800
3500
2899
2500
3700
4000
5000
3901
4901
3899
4400
5700
6001
6700
8601
6600
7400
6000
8500
9400
8700
8201
8501
15000
9600
12001
10601
10401
12800
15200
12500
15500
14100
21200
25000
23999
18100
16600
19400
19499
16301
21501
21601
22701
23001
24801
22299
26599
26001
31200
27899
26900
27701
23200
31200
29600
32200
31300
28799
33500
36701
30900
37400
35701
36600
37901
41801
40900
41499
43699
43799
87601
46800
26600
20700
9899
6101
6200
5800
6900
6100
6400
6300
6301
5900
6500
6000
6400
16100
7400
7001
8801
7899
8199
8101
7400
8499
7999
8199
6999
8401
9100
8701
9700
9000
9100
8800
10599
9701
10600
10300
9200
9900
10500
9600
10300
9299
11000
11400
11201
11900
11701
11900
11499
11801
11799
15900
31400
13000
11400
14300
13100
13400
12299
14100
12600
12201
15200
14401
14300
15200
15000
14500
13600
14500
17000
15400
84200
23601
59799
47500
25199
55800
43900
25100
61501
54900
24699
54001
57901
56200
48499
57800
63000
51000
63099
54099
5701
4599
4300
4501
4399
4499
4399
4200
4200
4700
4799
4600
4300
4499
4300
4400
4599
4400
5299
4601
4701
5001
5100
4700
4701
4700
5001
7101
6901
5801
33000
5299
5200
5101
5300
5499
5401
5899
5600
5400
5600
5701
5700
5900
5899
6201
6200
6700
6300
5900
6001
5699
5900
6400
5799
6001
6299
6200
5899
6400
6299
6300
6300
6300
6700
6300
6201
6500
6201
6499
6401
19699
9801
9901
8900
10700
10299
10899
10601
10200
9400
21399
11101
12001
11501
11400
11300
11100
11500
12200
11700
11400
11199
9200
11701
8101
8000
8100
8101
8300
7600
7801
8100
8199
8001
8100
8099
8201
8600
8899
11799
8600
8201
8700
8499
9201
8400
9099
8800
9201
8900
8699
9401
9400
9100
9299
9400
9601
9100
8999
9400
10001
9500
9300
10199
9901
10101
10000
10100
10099
9400
9701
10100
10900
10699
10499
9900
10501
10700
11100
11100
10800
10699
10601
11001
10700
11300
10800
11000
10999
11299
10999
11401
11001
11400
11500
12200
12200
12500
13100
11900
11800
12100
12000
12200
12300
12300
12000
12400
12100
12500
12399
12700
12199
12699
12100
12800
13600
12700
12500
16000
12300
12800
13100
13100
13599
13099
12999
13200
13100
14000
13400
14300
13601
13501
13400
14399
14400
14000
14400
14500
14600
14900
14600
14600
15000
15000
14500
14800
15600
14700
15800
15300
14400
15000
14799
15300
15400
15400
17800
16600
15000
16699
16201
16000
15300
15900
16000
16400
16300
17400
16400
17400
18699
17600
15999
16900
16200
16400
16901
17200
17100
17601
17700
16800
17901
17900
18099
17700
17800
17100
18600
20599
17700
19799
20800
22000
21299
19001
17900
17000
19100
19300
18900
18000
18300
19701
19100
19800
18400
19301
19200
19501
19200
20401
19400
19301
19900
20701
22600
20300
20501
20100
21401
21299
19300
20599
19600
19501
21300
20901
19999
21300
20500
21100
21301
21399
20800
21800
20100
20601
21599
21900
22701
21699
22000
22901
22800
21800
22501
21800
22599
22500
24101
23300
22099
22800
23001
22400
23699
27299
23200
22901
23800
23299
23100
24201
24601
23400
25400
23199
24200
24901
24801
23800
25000
24299
24400
25000
25201
24201
24800
25100
48599
25099
25499
24399
26399
26499
26599
26399
29600
25900
26300
26900
30400
26501
26801
27201
27501
26300
27600
27499
28499
27099
27000
27200
26400
27600
29100
26300
29000
27900
28200
27301
28699
29300
28100
34700
41500
39900
42900
46100
47500
44501
49501
45500
45900
48100
44701
49600
44900
48401
46700
47799
55799
47800
48200
47700
47300
48201
49200
49501
48300
52201
49899
49700
50100
51099
50200
48501
36099
36800
32900
32400
32000
31900
32701
31900
33299
32100
30800
32301
33100
33701
33700
33501
32600
33501
34800
34201
33599
34000
32400
33600
34399
33400
33999
33300
34499
33300
34899
40299
34800
51101
46600
42800
42500
35499
35900
35301
35499
36400
34901
35500
36200
34999
36000
34301
36199
36100
37201
37200
36300
40200
42099
45700
43400
38900
37199
37500
37600
38501
43900
36901
39000
38599
37400
37899
39699
38300
37700
39701
37600
38600
38899
39599
38999
39200
41400
51200
46600
41500
40300
41500
40199
40699
40399
40599
39499
40699
42699
41399
41400
39799
41899
40799
41499
49600
42901
42000
41400
42000
42800
41400
41400
44101
43199
42799
42300
42600
42200
42800
47299
48300
47099
51500
41801
46500
56200
58400
60300
62500
62700
63499
66500
54100
64500
57101
45599
47100
44600
45000
46300
51801
48599
51300
47600
46800
50401
68700
64200
71299
75900
79200
75100
74000
75799
81100
77300
74400
71701
72901
80700
78400
76700
79099
77900
78700
80100
81800
79199
76400
79500
81800
79500
84400
79000
81300
70200
77200
81999
78600
81900
80500
82301
83100
79000
79600
82200
81199
81100
83701
89400
86300
83300
80000
85800
83800
85000
89901
62000
55001
52301
52001
51499
62400
53801
83000
55200
58099
54099
54000
55200
55300
56399
54000
54700
54900
54900
56501
54300
53400
55400
54900
54800
56300
57399
57099
57000
55500
56100
55300
56800
57600
56301
57801
57899
59000
57500
59501
56200
58801
62300
57900
60001
58599
58300
2065200
59401
60800
58300
63400
58399
59200
61000
61000
59399
62300
61600
59399
59200
60200
59900
66400
81401
79900
62800
60800
62600
60800
62700
62900
62100
63300
62199
61300
62100
62600
63000
63700
63000
97101
65199
63400
65399
69099
62800
66099
64200
65101
63800
65600
65600
65500
84700
61701
64000
66601
65799
70199
68699
65500
65201
68199
64100
69001
66800
68799
72800
68099
67100
66500
66500
70600
69900
68699
69399
66100
67601
70800
68700
74900
68601
68400
69700
67999
71299
77900
72001
69401
71301
70801
71101
71001
76200
74200
70100
71700
74800
74001
72500
71699
73700
72300
72100
71700
72100
75701
71299
76400
73000
74700
72201
73699
75200
72700
73000
73801
75500
74100
77400
77000
76300
73999
74400
75200
74001
74599
76900
78400
76500
77100
77600
77700
76100
78300
76200
78100
76100
80300
79100
79800
76300
80700
80700
79299
80900
80200
83301
80401
81499
76800
80999
78900
81901
83200
80200
85000
82200
81701
81199
80600
78701
80899
85699
80600
80801
83201
82600
82599
83899
85199
80200
82201
84700
83800
82599
86599
85499
84499
84499
84000
86299
86199
87299
86300
84399
87200
92500
85201
86901
84900
91100
86600
86000
88100
87800
87701
87699
91800
87600
86901
88201
93700
89700
84901
87901
91400
89800
89401
90500
92100
91700
89200
89201
88199
89400
92800
88399
90200
95799
92400
91100
89900
90000
91700
91300
88500
94701
94899
142600
91800
93500
92700
93400
93800
93999
92600
90501
97100
94401
96699
90500
96800
96099
94700
94501
96999
95200
102901
98300
96201
96199
95100
97800
97201
99900
92999
100099
101199
95600
98501
96501
95699
96900
100400
98500
99300
106900
100599
100700
97101
103100
98801
104001
102799
96300
104600
98399
96499
98499
102200
104300
100501
100000
107600
106300
104700
101400
102301
108200
103000
103101
103399
104500
108599
105100
107500
103300
102400
105001
106400
103500
101901
109400
105301
101399
107900
107300
103800
106600
110600
107600
111000
107300
112100
105300
105100
106700
106000
105901
107700
110801
109500
105900
115700
108900
107500
108800
108300
109100
109000
113000
111800
106600
110300
109700
112699
112999
110299
115000
112699
113899
111700
112000
111500
110401
117101
111700
111401
113500
116100
114300
109499
113899
116100
114300
112900
115700
116901
111101
118401
118599
130299
116500
115500
117900
119000
117500
111499
118600
131601
117201
116199
119400
119200
119699
116200
119101
127700
133899
119800
120700
122400
125800
117900
124900
117500
117301
126400
121399
119800
120700
124100
128901
120999
123200
121800
124300
121300
125001
125200
122900
125401
121700
130499
125800
125400
123700
128100
127500
125299
128699
125599
123200
120600
128799
127799
125600
123300
125501
127301
126499
126100
129200
124900
123500
127501
129400
130600
129901
134601
127300
138900
125801
128700
132100
130401
131500
146399
130700
137500
131600
132800
147401
213800
215700
202301
174100
130900
140200
133200
133900
133100
137600
136899
136400
140000
132001
137600
137700
134600
142101
140000
134300
134499
136700
140701
138900
138700
149200
137300
139200
140101
140099
140500
137200
142701
137500
140200
145500
138900
138000
140200
160600
140400
138000
142601
140399
142400
143399
136600
144700
141100
138100
145700
142901
150500
144300
143100
139500
141001
141000
150301
143600
144799
143899
150500
141400
150900
150800
144101
141001
149201
147899
149900
153901
148801
141000
154701
148300
149999
157000
148100
147501
145600
144699
154500
147299
149500
145900
155500
152400
150300
147999
154500
151300
150500
152100
151500
151900
152500
147100
153100
153700
154301
154100
153700
151200
151601
156000
151700
153799
160699
157599
152500
158300
157900
153400
160599
151700
161500
155600
157600
154600
168799
154900
158500
162699
158899
158299
154400
157700
161800
163100
161200
159401
165899
157299
156899
160900
166900
160500
220500
260000
244000
227700
227600
186800
163800
161901
165600
168200
167700
163800
166000
157001
158101
166300
166800
167400
165800
169201
167200
165100
167700
166100
167300
162600
172201
167400
163800
171501
167101
171600
173199
173799
171099
162400
164700
175200
167300
169401
170300
166400
171601
171201
175800
168900
171601
170099
178200
172701
173501
175701
169701
170799
173900
177401
175100
174000
174000
180700
175901
178099
177300
177800
198100
177700
180300
172000
176999
177300
178101
177399
186400
176899
179000
181100
178400
179701
181100
175101
181700
176500
177199
189201
181800
782700
278399
284700
285799
279199
287001
291900
291000
298600
205499
182300
184700
185000
186801
185300
183600
188200
201100
191100
185200
182900
192899
187099
188099
187099
184000
183700
184600
190301
187400
189701
191300
187200
192599
185200
186000
185700
190700
188000
193399
184700
194000
186499
196700
194400
187501
189001
190701
212700
191700
181500
255300
191499
203000
191600
200801
194101
204900
204500
192201
194899
193600
194201
191999
196300
195400
199499
228500
198900
197099
193900
200100
198599
191900
202201
194901
198400
198099
206000
195801
201200
203299
200300
203300
197900
198400
205201
198900
264599
222001
212300
194901
202000
204700
199700
209799
201599
212100
208899
210901
212500
203300
209199
207401
214800
208900
205499
209000
202000
210800
210000
200801
211201
209100
204201
203201
206001
206300
210700
208001
211799
222401
219500
222099
231101
212001
215500
207299
209900
216000
209900
214200
207200
212000
211300
218800
209600
218201
218301
211800
255900
213600
209901
212300
217000
214200
212200
215500
229600
231101
210200
220199
219600
218001
210601
221699
220899
259800
223201
224199
223699
327700
340300
332000
364500
367600
329000
341200
353900
353500
359500
339301
249201
222400
221999
226300
246700
221700
222800
225001
227700
226300
225800
232700
221299
230500
224300
230200
234200
294500
232100
233100
223600
235500
224799
229001
229300
282000
229200
244300
238600
232501
233400
233400
230500
237200
238200
234901
232100
234001
232101
232401
234501
234201
229800
235101
229200
234101
235101
232600
238999
243401
236800
234801
235200
246800
239600
242599
237000
244600
239301
237499
231300
247800
241500
250500
237299
254300
240300
243300
242001
242300
238500
247200
249899
279299
248601
247400
252600
237199
240901
246300
246200
244200
243800
321000
363800
383000
390900
375400
381200
373900
367600
388700
384100
377200
366100
369600
376799
371600
396100
382400
384500
383901
248700
251599
249299
248801
250600
252699
252100
246701
258500
1752901
254900
284800
287000
254301
252100
265299
260800
269600
260700
263699
252400
257101
247600
278900
255900
318001
252399
270000
256099
265299
418300
414700
396200
262700
258700
259699
260200
254100
260400
311600
263501
266101
263801
262701
261800
258600
273800
330900
265699
263599
270300
276100
350000
265700
266001
254801
261600
274200
273100
312600
265901
297201
367200
300199
288700
262700
274500
266600
273900
271499
271900
271599
270600
274800
283200
267601
271799
268200
280200
265700
270500
292100
331500
276500
284501
277600
269499
285300
274700
276999
280399
275400
280700
271000
279901
278201
282701
277200
280300
277000
279800
272899
278799
273600
276200
283100
279800
279700
286900
280400
278000
292000
277101
279401
281701
292900
282401
291800
288299
282100
277700
351899
288101
287500
280600
282100
286800
281701
291000
287201
294800
288500
285899
289000
290300
286499
289100
291900
372700
457100
473300
457700
472400
456100
456700
461300
455200
459600
465101
447701
457800
466200
463001
457899
473000
468200
447401
464100
463700
482899
456800
468199
461899
468200
476200
471899
539000
473600
470400
475500
490200
466701
475700
465700
473100
481900
462000
487200
476400
466700
508600
486900
479300
508100
486900
495601
490800
479000
493500
475300
482999
482400
494300
547900
496601
508300
489500
472900
501601
487300
484599
478000
491600
488701
507799
541501
496800
491500
485900
498501
496199
501800
492200
498699
483801
515601
501600
502200
487501
508799
510300
504801
491100
509601
503400
513400
499399
521599
506899
505799
511900
506701
517001
495900
517401
529000
519299
507601
514401
503600
514500
577400
510400
509500
520500
593800
503400
500801
507399
523801
511401
516999
501901
514300
521401
525601
589600
523399
525699
572601
520300
525600
499299
531800
518300
538100
518199
534800
526700
530799
520800
525100
520601
515001
519400
517200
513601
521600
511599
525299
540800
575099
544101
545400
519700
533700
520500
525200
527400
528701
548800
554400
546299
571201
525300
541800
548400
541600
532100
530799
530101
532300
577101
543400
559800
546300
533600
772001
759600
435801
346699
343700
342500
364200
344601
346300
338100
344601
350400
342201
353400
345600
361600
363500
344499
348900
342300
341499
353499
351000
349700
353500
1567100
359001
358000
344000
353501
345901
346400
351300
351700
352200
351600
347500
420601
378900
353201
353901
355601
359200
357699
359500
354600
348099
358200
359701
349500
352900
366300
351600
354099
359400
351600
372001
395600
364101
371599
357900
367700
357201
354500
367300
372200
359599
364100
358299
377000
361299
363500
354800
360799
449901
367100
374400
375900
377201
401599
365500
365200
375200
370199
366300
369800
373301
377299
366500
373299
368100
356900
364700
380800
374599
376601
378800
493501
432600
372299
368099
368299
373500
371101
378999
379901
377000
387000
372600
375900
376601
379900
387700
372200
377600
371600
390399
369901
386901
369100
389800
391900
375800
379100
377599
377400
375199
382100
392400
382500
386500
371900
387999
391000
387600
404899
400700
391701
396100
386800
396300
384100
388500
383200
388001
389500
380700
388500
390600
386401
394699
395801
391600
395399
396100
399699
380900
390200
396900
395201
399000
402199
411700
385599
389900
402900
398400
405199
391900
395700
395799
407001
403200
406600
403800
397100
409200
530701
424600
429100
401199
404000
395399
401201
410001
397400
410100
414600
403600
428799
402000
412900
396001
405700
403400
408300
410699
406500
408000
413400
409900
410001
404600
413100
415801
406500
404099
413400
418101
405500
411400
408600
413800
419799
413899
417600
415401
423800
417899
429300
410701
429499
413100
412600
421200
424399
424600
419499
418200
413400
413301
425900
416499
419501
418100
422000
421700
425500
430000
411000
411600
420500
434199
420701
426100
418300
427300
437799
438301
598600
578500
595500
431900
434600
429600
424500
427400
437300
435900
429601
434200
441700
431900
429800
434199
443001
429399
435600
433800
435299
444800
436401
437700
436601
431700
441300
443100
451199
426201
431799
451201
433700
557100
515900
504700
465300
452900
473100
486700
487099
462601
451400
443700
436100
445400
444100
450900
435400
453400
440400
431500
446599
436500
446600
447400
439600
451199
455399
455301
447799
456201
452800
445400
449100
458800
492299
440801
457000
445100
457600
452400
442600
449801
445500
447900
463499
456500
457301
455100
457900
442400
453599
455001
464199
453901
453400
1755900
469599
464101
466299
469901
456300
470600
449500
461600
461699
468801
456400
455200
468000
454800
458600
464900
467600
460200
469700
458300
463501
462100
477700
470800
475100
465999
475601
475801
476600
471700
486599
481701
477000
480499
465601
470500
477700
473500
473600
472300
470299
459200
471801
537901
484499
471501
470700
475500
474100
476699
490900
483001
478399
477001
472599
475800
492600
476100
467700
481800
483300
483999
475801
473200
479099
486201
470300
473800
487200
479300
494799
490300
476401
493400
483299
504000
507701
493800
487900
475700
476299
482601
489100
489200
484800
492200
492400
489100
497400
478300
476000
515100
493800
485600
498200
485601
481700
485300
495900
495099
494901
499199
484101
490700
498000
497199
532401
498201
492300
505100
502700
499200
504000
493300
486500
493200
495299
499701
506999
497801
491400
504100
507100
497600
508700
498900
490700
499700
505800
506300
510300
497800
502000
513300
525700
503699
505500
526400
512500
498400
488900
505200
509801
505500
506500
504000
512200
512400
521799
516701
510300
507900
510700
505600
520300
509601
506100
507000
510799
515201
508399
517601
518801
515900
517900
516800
518700
582000
573400
518900
514200
514700
518900
523500
513000
519600
573099
538701
516899
535600
517199
530899
535500
519400
525901
533100
530299
529600
530600
529700
525700
545300
539200
530700
536500
524900
754801
850000
864600
861600
847700
863100
866400
864800
861000
832399
853400
865201
836900
840500
629600
545600
548100
540999
529501
559800
541600
537299
522601
532599
542000
553100
529100
528899
542400
533900
547600
554300
537199
532900
535300
529701
537200
533501
545200
533800
554500
542401
543099
544800
2221600
874200
861899
868199
888401
863000
885400
879400
892000
884700
894400
879100
881300
872600
883900
878900
889200
897600
891000
907799
908701
903000
889799
894001
883600
995700
915800
881300
894899
904800
887000
902000
885900
900401
908901
918900
924500
935500
916800
886900
910600
909299
896201
901200
921901
909600
901900
902900
912900
913100
923599
917500
897600
931800
899300
920200
897000
909399
914700
936701
922799
916100
925301
902000
891301
940100
949000
953600
914800
945200
1014599
930400
918200
951201
983400
919100
916000
930500
940101
927700
939300
922001
941699
955600
958800
683100
1130900
991500
973900
996100
962700
963400
976200
732400
584100
582300
591600
599500
617001
898600
750500
881900
729001
854100
822700
635200
792400
601699
596600
599600
631799
632500
949100
947700
972700
956900
963200
970300
942100
963000
938901
955299
938700
956801
984001
950900
971800
940800
630500
739599
719900
604400
805701
951901
810600
876001
965701
960100
962700
972201
687800
652700
639500
709700
621000
622900
630600
607299
642300
620800
621299
648100
613900
625300
624800
612900
627400
2239600
620899
612200
618700
617300
638799
630500
626600
618500
604600
614301
617700
634801
620500
623600
620600
614501
616100
640000
652500
625400
636300
620100
654699
631400
623900
625000
615800
637501
625600
627100
618701
625600
626300
712400
627200
644199
628000
697499
624000
643500
640100
642700
618400
619699
634400
643999
674301
642200
637800
655100
642800
660000
675001
635899
647100
646399
656100
637700
634600
644399
650501
652900
659600
648601
682799
644000
649400
656100
680599
651001
637501
637600
640100
676099
648001
644800
647401
650399
650400
648201
655900
659200
648001
644600
645300
650500
656500
650000
664201
658400
656300
659499
653799
677300
663099
643300
651899
657500
663700
657200
664800
665401
657100
668501
664800
660000
669700
665701
672800
671300
663001
678400
697601
672000
657000
677500
671800
682300
676400
674200
673400
666099
669299
666500
667601
669600
667300
675600
676001
674800
681100
668199
674300
679999
701499
679300
675399
663700
687800
698000
694101
673600
680000
659000
687500
671000
690801
684900
703800
680600
684600
688300
684400
689900
683700
688800
689700
692000
687500
687000
692900
684500
688600
697800
691799
676600
688400
694800
692500
697101
689600
684601
697501
690399
692800
700500
700800
708399
683099
696500
752901
707400
688601
712599
707100
699200
693300
704301
689200
752600
730199
698799
695700
706099
692600
706999
710600
739901
703200
2204500
721700
690101
711000
716500
695200
689599
710700
699001
708500
712299
708000
709800
711499
707900
713701
714101
706901
727299
757300
735900
701600
716100
702700
733600
722000
714000
698900
727700
706000
784101
1126799
1152800
1238800
1129201
1171300
1160799
1136899
1148200
1158000
1148000
1132801
1157000
1156700
1310300
1236100
1143500
1153400
1157900
1132400
1172500
1187500
1172301
1148501
1161600
1237200
1166201
1149400
1170200
1153701
1190900
796200
733800
746600
836101
890300
739401
749900
771400
752800
753499
778400
745001
761101
844701
792700
786100
747800
741300
773601
741900
747000
750400
747200
751200
832399
848299
741600
736000
739800
732800
767200
790601
764700
747700
780200
764200
793500
788500
765100
744600
749400
764000
774201
740701
806600
812801
763800
816999
762900
747800
753500
777800
763300
764500
757001
766999
758100
772901
765400
757300
751500
763800
763800
744099
782000
775200
772400
770900
753601
778000
779000
769301
775100
845099
787300
774701
773601
758700
779300
768100
781100
772801
779600
764600
777900
787299
762200
777300
770901
771400
760600
757799
800100
798301
795500
763500
787701
769300
788599
2343400
787399
790699
771800
768501
776700
789400
780400
793200
763800
788800
790300
814000
797299
796700
822500
782799
808199
795600
780100
797299
789299
813000
811000
815500
797699
796300
800499
802600
803301
795200
803501
793800
791599
800700
795100
797100
828300
787200
791800
800299
795900
794200
817700
814499
810500
800599
815300
800700
803900
786000
817000
825200
817000
829700
816100
818999
809200
807200
815499
799400
798901
810400
830401
821800
823500
810200
820299
812500
816601
850900
832900
843700
821399
820899
821399
822900
822900
810500
810100
827300
829599
812800
833800
834200
817299
813700
826500
834999
847800
840500
818700
834499
835900
834700
833500
837700
810200
837901
807299
830500
818101
838500
833501
828200
845400
822601
824100
845000
854500
829101
832799
832800
853099
855700
840400
842499
843300
850100
825800
842901
851600
826800
857400
826100
839901
854099
864199
836700
870400
838701
864001
831401
824100
850200
849100
843400
838400
852999
839900
856300
836400
850001
858699
889800
852000
846101
836300
862299
865200
854699
859500
837801
859001
862699
3205599
861101
842599
852301
857900
901800
859599
855300
854801
860499
841500
873700
880501
884100
864499
886900
880601
874799
857500
864801
846300
867999
862999
874600
864099
857600
864701
851999
885900
864400
882800
875700
861601
877900
872000
871800
877400
892901
875201
867000
885400
891299
872800
868900
882501
897300
883600
869800
899500
873499
870300
877800
891400
886900
896100
901800
870700
901200
882899
867500
891801
880900
888400
888800
876400
866201
880501
881900
876400
897001
891801
882800
882201
885600
900700
889000
906500
889101
899100
908801
902800
913100
897899
905200
887700
890800
897701
891300
913800
904001
896300
917100
902299
914900
913600
902800
885100
894500
918800
898800
913600
916201
923000
931700
927500
908399
925999
908300
922301
924100
952199
931000
911800
903000
925400
925301
917600
908100
919400
905899
925200
912999
914999
902800
947100
937600
924900
923501
921299
932800
905799
926199
936800
918801
917000
935501
941800
932200
943099
915500
925900
928100
932200
911901
942000
949100
910200
928000
912100
914400
935100
955099
908200
940801
959801
939600
917800
914300
934400
950801
930400
925400
930000
943001
940001
924301
934399
937900
951101
950000
955400
942701
921701
936599
948600
947100
932600
927101
2537900
927700
954401
944100
958700
955101
948000
943200
949100
976600
959500
942100
966500
947200
956099
960700
967701
950800
968600
949901
972300
962900
953801
964900
974899
964500
960901
973100
958599
990300
982999
974599
958600
985900
979400
971201
975701
983100
980601
982600
981200
1002600
973000
971700
1001900
970199
982000
971500
984701
968001
978400
986101
966401
985999
979000
977500
956800
980100
980200
974899
965400
992901
989999
1032299
989700
952100
978200
989300
971800
979100
1002799
996300
984501
991200
991100
977501
988299
1013300
991300
989599
1001799
1002799
973900
986700
998499
1014200
1011900
983901
1020400
995599
1008500
1003600
1028900
1017599
1018700
1000401
1009300
1003999
1003499
985100
980000
1027100
1003199
1002700
1010000
1015001
990201
998700
1011000
1015400
1005200
997699
988599
1010500
996301
1013699
1013800
1014100
1022901
1027400
1016701
1017301
1002701
1008201
1012900
1082501
1029899
1018100
1056200
1041600
1025200
1062400
1007000
1014901
1093201
1015201
999800
1043599
1022800
1032200
1029501
1012699
1036700
1030200
1010200
1032401
1109400
1024100
1031899
1030799
1431200
1458201
1455199
2698999
1030700
1010300
998700
1036601
1033100
1057000
1038500
1027700
1048601
1042401
1026900
1043500
1030700
1062500
1125800
1065501
1038700
1038600
1038099
1022300
1042199
1032599
1051000
1029299
1036500
1033200
1045899
1053500
1060201
1049301
1061300
1031900
1034701
1065099
1052400
1045400
1067900
1048801
1082801
1059300
1056800
1055100
1048500
1066599
1057000
1068299
1046299
1053800
1077200
1046000
1057599
1067100
1074399
1055100
1068400
1047199
1079599
1061100
1082500
1065901
1052500
1076799
1061499
1050900
1075200
1078900
1071500
1072400
1077101
1097400
1061901
1066501
1075300
1080901
1064600
1088100
1078801
1078701
1075300
1059601
1060500
1069400
1071300
1100600
1075000
1080901
1094700
1089900
1078401
1086400
1097600
1095500
1086800
1082000
1103201
1081600
1084000
1097700
1102800
1089399
1081500
1114700
1094200
1104200
1110901
1109000
1106600
1099700
1073600
1109700
1096199
1101700
1097401
1100700
1085900
1111199
1096700
1117800
1077400
1101300
1104800
1106299
1084900
1083701
1089500
1110100
1091500
1093200
1107800
1105900
1119001
1100200
1117700
1099900
1116200
1089099
1117900
1109200
1097199
1105099
1127900
2782000
1120100
1120300
1121200
1093201
1094499
1104500
1127499
1136700
1143099
1126500
1100600
1111900
1143800
1106301
1127000
1121701
1109601
1132200
1092499
1139700
1118401
1115400
1136200
1125200
1134100
1137801
1136001
1135800
1125400
1144100
1123700
1115500
1142800
1134900
1123601
1151001
1135399
1145900
1119401
1139800
1125000
1144201
1131000
1194899
1144300
1135101
1126200
1108801
1129899
1114100
1136201
1158200
1148501
1136099
1132000
1137301
1138600
1181100
1141400
1144800
1159300
1156000
1150700
1147801
1150899
1152899
1137899
1130500
1157001
1167600
1209601
1168101
1137601
1154400
1143001
1132500
1149499
1155800
1157600
1173101
1151100
1159900
1163200
1166801
1147800
1179300
1157999
1159700
1157400
1196601
1181601
1156800
1158901
1154799
1145700
1142901
1162100
1188499
1179900
1185700
1167900
1164000
1184401
1184301
1177500
1156501
1180500
1197501
1153300
1199500
1190600
1234699
1153900
1182100
1158001
1172699
1190600
1183001
1197100
1175400
1177200
1198800
1168500
1176400
1180600
1176500
1170700
1207500
1191700
1203401
1179400
1195901
1186300
1195000
2826200
1192400
1201701
1196900
1220600
1180700
1185800
1205300
1209299
1191800
1181000
1198301
1222900
1211400
1206500
1259501
1217501
1370999
1297101
1202400
1208400
1195400
1209800
1242801
1244201
1222600
1198999
1197400
1213600
1239100
1218401
1198000
1244200
1226000
1234401
1203500
1199601
1218801
1215199
1245900
1217500
1219001
1214500
1204599
1189300
1215301
1231701
1224800
1199301
1241901
1226599
1208700
1231299
1210300
1222900
1249300
1210600
1229801
1202100
1207300
1234201
1229700
1223300
1218401
1231300
1223500
1220401
1241300
1229300
1229200
1218499
1239900
1221299
1219400
1247601
1235699
1227399
1236400
1259201
1281301
1221300
1246101
1266299
1250800
1222500
1214300
1269500
1247999
1261500
1235200
1253400
1275101
1261401
1254700
1263500
1211700
1249699
1226000
1256500
1247600
1232399
1263200
1230200
1257101
1293100
1264701
1263499
1260499
1264600
1283800
1272000
1251300
1255299
1309700
1251101
1245999
1269100
1251600
1262500
1273700
1262100
1282700
1270099
1272000
1237900
1257501
1251600
1300200
2996000
1269600
1253600
1269500
1289801
1261301
1264200
1253400
1270800
1273001
1253500
1281500
1307401
1269900
1278400
1281901
1296700
1246800
1283700
1276800
1295300
1308600
1301900
1262600
1334300
1307199
1296400
1276401
1279000
1289000
1274400
1300000
1287701
1310800
1332100
1292601
1281799
1294000
1301000
1324800
1259400
1304400
1292901
1276500
1315200
1305901
1285800
1463101
2149699
2099699
2127899
2112699
2093600
2103699
2356400
1989500
1313500
1322201
1306300
1285500
1282899
1303499
1331800
1304500
1302800
1328900
1311801
1300000
1300600
1287000
1320199
1308299
1307200
1315100
1336999
1316000
1318100
1320900
1325999
1300800
1302800
1309899
1315200
1318400
1318901
1305801
1315700
1325100
1327199
1330700
1340799
1345300
1307800
1333000
1316600
1312799
1325400
1320701
1330600
1326200
1412900
1333100
1338000
1337900
1316300
1339200
1344700
1358400
1343500
1346500
1330500
1352100
1320601
1337700
2931800
1335401
1322201
1350300
1355999
1357100
1364501
1354501
1357499
1366099
1357800
1340200
1309500
1334201
1345600
1357700
1337200
1375700
1336400
1374300
1361900
1370701
1373500
1362999
1378399
1348800
1373600
1343400
1355700
1322901
1342500
1366400
1358901
1354800
1390800
1346100
1374400
1388300
1364400
1367100
1367300
1411900
1398999
1362799
1372200
1384101
1381800
1365700
1386899
1396699
1367600
1385901
1380200
1381900
1362500
1375500
1356401
1399699
1401400
1388501
1376200
1368200
1359300
1360800
1383400
1378100
1393899
1383399
1376900
1397200
1370500
1402901
1376100
1420999
1387100
1400800
1391500
1393100
1381600
1401899
1405000
1403999
1437000
1382400
1397999
1410599
1383900
1410399
2261500
2321000
2269201
2312000
2288899
2306500
2316299
2300400
1562600
1420500
1597201
1413900
1497400
1394501
1408401
1404501
1442800
3063801
1388000
1393200
1412900
1400201
1419299
1405500
1424600
1434500
1440501
1388299
1408199
1444600
1393800
1405800
1398699
1416600
1415601
1418000
1424799
1404100
1417800
1419001
1424300
1426300
1439100
1406900
1436600
1456600
1432700
1427901
1429100
1452400
1424001
1445301
1450699
1429400
1425000
1412301
1454400
1425001
1447801
1460599
1458800
1434401
1420200
1424000
1442200
1435700
1419101
1442199
1444800
1437600
1458999
1459001
1418199
1441399
1413400
1469500
1448900
1444100
1422500
1444200
1442299
1452700
1454800
1448300
1433599
1441499
1454400
1443599
1458701
1455800
1438000
1452800
1481701
1451800
1440700
1478299
1450500
1460399
1460000
1469401
1471201
1473600
1506701
1481300
1466500
1446199
1469900
1485800
1497800
1442400
1457500
1466100
1479399
1496100
1457300
1445499
1461600
1465800
1485799
1448500
1447100
1489799
1483000
1484500
2500299
1455400
1478900
1465900
1602101
1442099
1480000
1540400
1485300
1528600
1463899
1506300
1507599
1484500
1524400
1514700
1537399
1453899
1492500
1480200
1593699
1482100
1503499
1514300
1591000
1495200
1494099
1514499
1513900
1480500
1600000
1511100
1587700
1495900
1575400
1513000
1490101
1515300
1522100
1501100
1588501
1503900
1485500
1485400
1588800
1483500
1553700
1490900
1496500
1509300
1529200
1495501
1558500
1480100
1486900
1506700
1511400
1531800
1494500
1561600
1509500
1543700
1518401
1502901
1518800
1517800
1513800
1573800
1503700
1585000
1576500
1514300
1532400
1504599
1617600
1549300
1602700
1511300
1542800
1503600
1644199
1527100
1515700
1546400
1506700
1530700
1513699
1534199
1529499
1531500
1560800
1558800
1536799
1513899
1496300
1541300
1542201
1552000
1546001
1547701
1572100
1550500
2365601
1568400
1509999
1561101
1527501
1553400
1564900
1555099
1553300
1524999
1571201
1541700
1555699
1537000
1545200
1538200
1567699
1549700
1655501
1549900
1573400
1592301
1560600
1571601
1565499
1547599
1572700
1577200
1555600
1566400
1567399
1534500
1570201
1570900
1559800
1576200
1544900
1598000
1599200
1596099
1561100
1560700
1569401
1637300
1592100
1623199
1580201
1651600
1592800
1566300
1586500
1595600
1566399
1570900
1573300
1594200
1586800
1562100
1584200
1583200
1640300
1640000
1580499
1672601
1656700
1591000
1675800
1605600
1647899
1624101
1585001
1665500
1586200
1659999
1682700
1604200
1702100
1598001
1579500
1605000
1553200
1598001
1669000
1623899
1589600
1718099
1618800
1721900
1599800
1596501
1703900
1635100
1586600
1592900
1688900
1608001
1631399
1603500
1620400
2592599
1621000
1613200
1684700
1617300
1615899
1599600
1670000
1632700
1655000
1584601
1647500
1628501
1638800
1643999
1648399
1722500
1643300
1618900
1714901
1605100
1640801
1647199
2223901
2263900
1784999
1634599
1647100
1659599
1631700
1678900
1625701
1658900
1622600
1664100
1621400
1626800
1636900
1614300
1652200
1622400
1653600
1610001
1774501
1652701
1674801
1611600
1634200
1615800
1754501
1658900
1633100
1659200
1659800
1783100
1662899
1665900
1636099
1636900
1660400
1756600
1651300
1659901
1664800
1640600
1660899
1772600
1680999
1667700
1666800
1666899
1710799
1677901
1653300
1689099
1722199
1649100
1719601
1683700
1688800
1826199
1697100
1664300
1687300
1686701
1649499
1759300
1680900
1692000
1705800
1702400
1668000
1673300
1653200
1668901
1698000
1672699
1703700
1694199
1699500
1675000
1716700
1654800
1702200
1660100
1694900
1708801
1706500
1730300
1683900
1698600
1672100
1716200
1716799
1707200
1695900
1710600
1722601
1705800
1733701
1683700
1701300
1719299
1723001
1726100
1733200
1697200
1724700
1709399
1708301
1709500
1711900
1724299
1673200
1710299
1691401
1738800
1718900
1715700
1730899
1734000
1694500
1737300
1749700
1707500
1733200
1702500
1722200
1693599
1710201
1734200
1722301
1731399
1719100
1712100
1747900
1710100
1714500
1716100
1728700
1715899
1739200
1723000
1698601
1724901
1749400
1733001
1726200
1728801
1751101
1772300
1753800
1737599
1763800
1733200
1727500
1753199
1747501
1755099
1729500
1732000
1756400
1740499
1770101
2499200
1742000
1752400
1726300
1821699
1744900
1845699
1798600
1764100
1859100
1751000
1787700
1852700
1758500
1860200
1754499
1763401
1753399
1756700
1758000
1782000
1772099
1770201
1806901
1779601
1783800
1873100
1744500
2393500
2555101
1780600
1762199
1783600
1771100
1734599
1869900
1794201
1802500
1764899
1776000
1754901
1789400
1748600
1764501
1868800
1785600
1813999
1880100
1754501
1781600
1784500
1861301
1790500
1776199
2288001
1742100
1776901
1780000
1800300
1782199
1784401
1876000
1835900
1794900
1784799
1797001
1770300
1787399
1762001
1817400
1819800
1893900
1771800
1801799
1824901
1800500
1946900
1824000
1816000
1797400
1893300
1871800
1828000
1812600
1836699
1785401
1847800
2559499
1789800
1845099
1819799
1840900
1834700
1827101
1839100
1823599
1842401
1783799
1821500
1795000
1834200
1845400
1845099
1834000
1854101
1849400
1859100
1864700
1872201
1829399
1834100
1863701
1837100
1852099
1897800
1823800
1846400
1835700
1846600
1826100
1850000
1864900
1817300
1835300
1858700
1866400
1837100
1858699
1830901
1894600
1850000
1870600
1836300
1826900
1850300
1870199
1843601
1874600
1836900
1851800
1856699
1871401
1830200
1880300
1867401
1871500
1841699
1890600
1873801
1880100
1892300
1858599
1911200
1886301
1866600
1847900
1887300
1868500
1859200
1874399
1896000
1881901
1883201
1861099
1902101
1848100
1891700
1906900
1879400
1874299
1890100
1882100
2813000
1920500
1855300
1941500
1833600
1898700
1852099
1884601
1914600
1919500
1904200
1935200
1882000
1901000
1913499
1894101
1899699
1861099
1881200
1913501
1895600
1885900
1892100
1970000
1928200
1900200
1902600
1917200
1912500
1890400
1910900
1921399
1920001
1942300
1853099
1933401
1891100
1892499
1904101
1895600
1926000
1905900
1911000
1906399
1901101
1941800
1907700
1917300
1920900
1942500
1931101
1916700
1901400
1926600
1926000
1947300
1926400
1916200
1917701
1956800
1890499
1941600
1957401
1929400
1929400
1943300
1943399
1904901
1955700
1912600
1916099
1909001
1952901
1952300
1917199
1945600
1953899
1949401
1949899
1972500
1912601
1962500
1984300
1926000
1945300
1991500
1915500
1926700
1945600
2008700
1925201
1944501
1948100
1908600
1896100
1961700
1962400
1951699
1975401
1922999
1943500
1977700
1952200
1945800
1969200
1990100
1941100
1917000
1975800
1912800
1968300
1960300
1924000
1959300
1937701
1961999
2031000
1955001
1949401
1988400
1971900
2294800
1988100
1946000
1977900
1913101
1981200
1981100
1986700
1977399
1992801
1961900
1971000
1958700
1982701
1994800
2146701
1991801
1983499
1986399
1972300
2006800
1996199
1966701
2026100
1949499
1991301
2010699
1985001
1979601
2014400
1969299
1983200
2029401
1985600
2013500
1989500
1981100
1997199
2028401
1996500
2628200
1965400
1981199
1985401
2010900
2025000
2030501
2037099
2018301
1973600
2022100
1982300
1982300
2003400
2014000
2011800
2006701
1983499
2032500
1995201
2024899
2007301
2039400
1992300
1990200
2004200
1987800
1971500
2017000
1987700
2040700
2007900
2021200
2012401
2033000
2051500
2024400
2442900
2039099
2077101
2025801
2002200
1995699
1999101
2017300
2013201
2035500
2043901
2021600
1986001
2045101
2025800
1999399
2058700
2025800
2054100
2010200
2028199
2040001
2020300
2019599
2098401
2023600
2024100
2047400
2022499
2054900
2054999
2036900
2148199
2023400
2039800
2132400
2495900
2048200
2380000
2046199
2041601
2071801
2285499
2055799
2072701
2093600
2051901
2006900
2074500
2049000
2186100
2061300
2127800
2033700
2047901
2080900
2041600
2168600
2072400
2059299
2019600
2041599
2036601
2071700
2060301
2219099
2059301
2027300
2052700
2075701
2060701
2026600
2070799
2178601
2051999
2056001
2106200
2056299
2084100
2092100
2058699
2219700
2059600
2067600
2056100
2083300
2079100
2063100
2057200
2237400
2129001
2066500
2064700
2076401
2076300
2085200
2055700
2263200
2047799
2116200
2090100
2103099
2072400
2106900
2053699
2207100
2122501
2081700
2061099
2087300
2107100
2107200
2301100
2144600
2052201
2097699
2102201
3937300
2088399
2105599
2110501
2109200
2905300
2906900
2357599
2098001
2097700
2101000
2095500
2118999
2133200
2094300
2139101
2106801
2097000
2115400
2127100
2123599
2145400
2117200
2122800
2134899
2155100
2105201
2141599
2165301
2124600
2109501
2104701
2132800
2117799
2112600
2141700
2141000
2144799
2165800
2141100
2147099
2133601
2150800
2119700
2146599
2135701
2157200
2113500
2169800
2136900
2120300
2117799
2188400
2131999
2147101
2154700
2128299
2132900
2232499
2144000
2121900
2134000
2134800
2146100
2151600
2130299
2171600
2117899
2111500
2184100
2142600
2132600
2157500
2119700
2147699
2151400
2160400
2150801
2130801
2159600
2144099
2141400
2169000
2148199
2164500
2177200
2146000
2208401
2143400
2162101
2162699
2153700
2173500
2194000
2155500
2188000
2153000
2148400
2145100
2162201
2192200
2192001
2187200
2144299
2188500
2213200
2171500
2178600
2175700
2212400
2233500
2167801
2187000
2218500
2204700
2236499
2165500
2226799
2180000
2244201
2187600
2196700
2179601
2225700
2186600
2253699
2190900
2213800
2226600
2171900
2225501
2239499
2206100
2149400
2205400
2174299
2240700
2233300
2211600
2237601
2178699
2242999
2227500
2251301
2198200
2243799
2367300
2195299
2180000
2200501
2230201
2213001
2224900
2274300
2227299
2207100
2223900
2211099
2230600
2257701
2246301
2220501
2244900
2246500
2256099
2184700
2231400
2191800
2205499
2272899
2248501
2210100
2229501
2253901
2262500
2208199
2259599
2258301
2254501
2257900
2262500
2258200
2236600
2286800
2231600
2230400
2238400
2270699
2271401
2260500
2244500
2282299
2221801
2272900
2266100
2288800
2265800
2300001
2271000
2268800
2244001
2316101
2269899
2260499
2238200
2271900
2254699
2288700
2292300
2273700
2248500
2284099
2238200
2297799
2252100
2296100
2305701
2252101
2235700
2261900
2256000
2299999
2321999
2247800
2291700
2287999
2310300
2328300
2318501
2300200
2307300
2333200
2313900
2343800
2644200
2331200
2303000
2288000
2337500
2305300
2291800
2307000
2322600
2324000
2304901
2284701
2299799
2313100
2317800
2302499
2273300
2301901
2357399
2293100
2326000
2318100
2316799
2290699
2325700
2381500
2339300
2314399
2298001
2341100
2344100
2271799
2321099
2306399
2290800
2334100
2306400
2296300
2341899
2313200
2305400
2346499
2344700
2287800
2339700
2336400
2636000
3627499
3180900
2376201
2346500
2351399
2296800
2363000
2351100
2350800
2374500
2378400
2345299
2353100
2329800
2354200
2370300
2389700
2316200
2326001
2336200
2364799
2347300
2383901
2376701
2385700
2327801
2326100
2323700
2348101
2377500
2347099
2334599
2345201
2388499
2354200
2328900
2374801
2343600
2363801
2374700
2343700
2416000
2380201
2363401
2358999
3471800
2374600
2376200
2386000
2363600
2352800
2373200
2360699
2408100
2371099
2342900
2383300
2395000
2397800
2407999
2370100
2432300
2425100
2373699
2387301
2404700
2424601
2427400
2406101
2417800
2384900
2386401
2368300
2396900
2418100
2362500
2371900
2410601
2421701
2453799
2422300
2403299
2418800
2432700
2391801
2408200
2442700
2419000
2412000
2448499
2434300
2394101
2428401
2425700
2467500
2399201
2425901
2414699
2417300
2404499
2406100
2447700
2424600
2401100
2458399
2445500
2472701
2459600
2445499
2439799
2488799
2428399
2405500
2431799
2458499
2558400
2420501
2503700
2463999
2404300
2419099
2445199
2488699
2394499
2434400
2473600
2444000
2404599
2477400
2501000
2447700
2427500
2458700
2458101
2451201
2475300
2444499
2442800
2465000
2442701
2467001
2476300
2466400
2500599
2471500
2453600
2586499
2478700
2451900
2457400
2502599
2450600
2500501
2432799
2432800
2462400
2497500
2447800
2423800
2455399
2461400
2476600
2469500
2449600
2482701
2455601
2476200
2455301
2480499
2500900
2475900
2461600
2449700
2474701
2473901
2438701
2467200
2462700
2494399
2438800
2484901
2494199
2467600
2467500
2470299
2463300
2480399
2483300
2525501
2471199
2515699
2457999
2494000
2555900
2501601
2477400
2491500
2498000
2511901
2510600
2478900
2524000
2515600
2479700
2519101
2482801
2537100
2523100
2508000
2538100
2517701
2503901
2475401
2540601
2542700
2519000
2574600
2535900
2555300
2518900
2485899
2563399
2493600
2502600
2537300
2537500
2530200
2498601
2517200
2520300
2499500
2499699
2510200
2531700
2533300
2546000
2569800
2517700
2514400
2527900
2548701
2550001
2577201
2520101
2508801
2541500
2544401
2538200
2526301
2592599
2545800
2566400
2571500
2541099
2554200
2534400
2588299
2592700
2582000
2533899
2576000
2602501
2569800
2571899
2539700
2596100
2535601
2559800
2564601
2542001
2554100
2591400
2554600
2584100
2557600
2581799
2597800
2607200
2533600
2598300
2552400
2560900
2589400
2559600
2649200
2617300
2611300
2621500
2605499
2623699
2609300
2560400
2589601
2543499
2581500
2574600
2560801
2591200
2590099
2637500
2577800
2579201
2586401
2554800
2622001
2604700
2579700
2590499
2643600
2573199
2595799
2572999
2590500
2570300
2586500
2609401
2565601
2607600
2580901
2606701
2617601
2554700
2634501
2633400
2602801
2618099
2676600
2554700
2571900
2578100
2611700
2607700
2588099
2573000
2615300
2624999
2619500
2647300
2632900
2604700
2598600
2644800
2656700
2637200
2600400
2609400
2625100
2629600
2587301
2591900
2639600
2606599
2686299
2591999
2661400
2656000
2646199
2637000
2639501
2633901
2643100
2651099
2646700
2626501
2613500
2609199
2622999
2617200
2639099
2641799
2641100
2667199
2632400
2667400
2699599
2658600
2679200
2645000
2637799
2654399
2691200
2672400
2672600
2657800
2627401
2664300
2645700
2684800
2660500
2668299
2654699
2635100
2698201
2669201
2700901
2665301
2654801
2668101
2659400
2641001
2669300
2701200
2713600
2673301
2675700
2695000
2736700
2702900
2671800
2725199
2662300
2663801
2652499
2672700
2677300
2689000
2722000
2642800
2696600
2683199
2714399
2716499
2705400
2690600
2726100
2707000
2740500
2695600
2687400
2714701
2681500
2707700
2712700
2728700
2712701
2702000
2701800
2740401
2706100
2690000
2706000
2729899
2699899
2713000
2723200
2714900
2680800
2714300
2707701
2716800
2680899
2701799
2697000
2705500
2749600
2707000
2717501
2770000
2743300
2717100
2721100
2745801
2708501
2721200
2777300
2703501
2733400
2724600
2710599
2732700
2727199
2698100
2724500
2694999
2723300
2729300
2724600
2871599
2826600
2757000
2730800
2723700
2765600
2742399
2749000
2740999
2760100
2721400
2806800
2734400
2829100
2763200
2754400
2821100
2713600
2730401
2791301
2732201
2772501
2776900
2799400
2760100
2778801
2776100
2771100
2772901
2769700
2771299
2767900
2805200
2796700
2728400
2822301
2766700
2768600
2787599
2777499
2768200
2738000
2760899
2770200
2755401
2785300
2783800
2802899
2772100
2796200
2762899
2792099
2815400
2799500
2782100
2795900
2793701
2803200
2800701
2789999
2788599
2826700
2794200
2816699
2803300
2803900
2848201
2780100
2792900
2805600
2764300
2837701
2795901
2849300
2825899
2820200
2860700
2833699
2825600
2823800
2790400
2846999
2850500
2826999
2849900
2790500
2814700
2808899
2832100
2795800
2858000
2847799
2816100
2856801
2796099
2813600
2832901
2831000
2857099
2840700
2793400
2826200
2810101
2861000
2872600
2811799
2834100
2849800
2831601
2907199
2811500
2864299
2864100
2863200
2857400
2832100
2828600
2829900
2865900
2861000
2857799
2848200
2889500
2878600
2877000
2845399
2872100
2886000
2858400
2863800
2859100
2862300
2840601
2880800
2892200
2886100
2881201
2929400
2881500
2889900
2866600
2920900
2889700
2880900
2860200
2948100
2856900
2876400
2844600
2877300
2890500
2882100
2875700
2894600
2882100
2903700
2870899
2911000
2888100
2870600
2890800
2913100
2894000
2899900
2906300
2881799
2925600
2892400
2896801
2885601
2903600
2955500
2928000
2880400
2906501
2865399
2920000
2884801
2856501
2865500
2933399
2928399
2917300
2901500
2921500
2911700
2908500
2916401
2885300
2893601
2905300
2913000
2959800
2887500
2927400
2945801
2965200
2945400
2978800
2948000
2910100
2895701
2908401
2930800
2934600
2902500
2938600
2951000
2954700
2907600
2946600
2921101
2966600
2910301
2913701
2970301
2956100
2939999
2955700
2969800
2939101
2945700
2984801
2904900
2946001
2966600
2930800
2954201
3001799
3037399
2996400
3008099
2940800
2991799
3078900
3000000
2960000
2954400
2941700
2986901
3199401
3007199
3008400
3033400
2989700
2991001
2991101
3009899
2959499
2950700
3450001
2989500
3019400
3142501
2995801
3028400
2966599
3042200
3047401
3019700
3017100
3009000
2975000
2986300
3015001
2993500
3019601
3048901
3017500
3051200
3004000
3025900
3019899
3049399
2989999
2997600
3039299
3035499
3032799
3006599
2965200
3011199
3024800
3015699
3003299
3008000
2996100
3046000
3025000
3006000
3032700
3004900
3022999
3006599
3045800
3035800
3058600
3008299
3080499
3017400
3026900
3054200
3048601
3031200
3006800
3009400
3066000
3053799
2988099
3063800
3049900
3030800
3037501
3076300
3056300
3010600
3037100
3037600
3022401
3092900
3011100
3062000
3061100
3038000
3048301
3020901
3050201
3079301
3100300
3053400
3059500
3063099
3075400
3059900
3054401
3078600
3064000
3052500
3061200
3057400
3035199
3034399
3012700
3083901
3092700
3013100
3044500
3060500
3086801
3003700
3046600
3072300
3119000
3061900
3043600
3093400
3100001
3110900
3070900
3081600
3085400
3083100
3064300
3139900
3088400
3083900
3038601
3132299
3118300
3065200
3085600
3079100
3099100
3103001
3085100
3089500
3076000
3128401
3045001
3099100
3096201
3106601
3118100
3140000
3127001
3093101
3118400
3093200
3134700
3104100
3086600
3089800
3148600
3158200
3118000
3151200
3119299
3119100
3097701
3140801
3121601
3103100
3151900
3146099
3112299
3123699
3100700
3107700
3151900
3131100
3109301
3135100
3139099
3158199
3133100
3124501
3167100
3135999
3129000
3122299
3106400
3115899
3138400
3133900
3149000
3167100
3275201
3174500
3155001
3116700
3152500
3144401
3126801
3211900
3177399
3154399
3151400
3136900
3148700
3128700
3136700
3167400
3175000
3174999
3166900
3121200
3136701
3162800
3231900
3190399
3150800
3182600
3183099
3200499
3195900
3193900
3242400
3170900
3169200
3158400
3181200
3193600
3178700
3228901
3172800
3207300
3204400
3184300
3218600
3187200
3181300
3226100
3224300
3149800
3223700
3166300
3199599
3217799
3138200
3227300
3199501
3189800
3158901
3195300
3234000
3221300
3209500
3196500
3174800
3219300
3189200
3214201
3200300
3237500
3245501
3211899
3219199
3244000
3240900
3238201
3214600
3246400
3215701
3176801
3211700
3170201
3192801
3276100
3210100
3231599
3192801
3228600
3224499
3245499
3210300
3227601
3259599
3245600
3245400
3208599
3244600
3236199
3278899
3286500
3302200
3218700
3299301
3214800
3234899
3236400
3253900
3262800
3262400
3230000
3229900
3280100
3245800
3212800
3210400
3314900
3322901
3269300
3242900
3292900
3244200
3402100
3313400
3314700
3281299
3267800
3258500
3288300
3233299
3293199
3280100
3277099
3279500
3270800
3275300
3310901
3267300
3262700
3276000
3329599
3251900
3263500
3314700
3255699
3272700
3246400
3257200
3316900
3294899
3279899
3315200
3268199
3241000
3266201
3250799
3359400
3283600
3336600
3274301
3298100
3316600
3277399
3253599
3289800
3393500
3341600
3311100
3299701
3302100
3384101
3303900
3331500
3341100
3341300
3344500
3330700
3303300
3325900
3339700
3323400
3317300
3299801
3348500
4676900
5278999
5474500
5393700
5380500
5295300
5363800
5372001
5440301
5339400
5417100
5377199
5300500
5350800
5382400
5352400
3764600
3315700
3357800
3335301
3330500
3328199
3388600
3349000
3355099
3357800
3355200
3360101
3336500
3371300
3267300
3364600
3364999
3349700
3318800
3336901
3356200
3342801
3351200
3327900
3368900
3297600
3365000
3346000
3355301
3356100
3343899
3385199
4592900
3362800
3378200
3303500
3371000
3402200
3394000
3340099
3385600
3330500
3375800
3330301
3383100
3343099
3431500
3399600
3389800
3379000
3355200
3430300
3361700
3406400
3421200
3417001
3391799
3389200
3422701
3396900
3415899
3393400
3416400
3377200
3391000
3423299
3390100
3394500
3409400
3402900
3392601
3429300
3430400
3403799
3377300
3447200
3429400
3400900
3358199
3413699
3451300
3440100
3411700
3428200
3389799
3424600
3436299
3441000
3457400
3374200
3361400
3418900
3461301
3474501
3420601
3464699
3432700
4740200
3362900
3457600
3452699
3434600
3443000
3423400
3430200
3431200
3421000
3454101
3523899
3440900
3432200
3477899
3404000
3439201
4764600
4794300
4830400
4814200
4828700
4790701
3688100
3534401
3467499
3468000
3419899
3455200
3424500
3502200
3466800
3418701
3438400
3456100
3482001
3474300
3460500
3460600
3504400
3466899
3481899
3474400
3474500
3491300
3483800
3478801
3499599
3466300
3463101
3478200
3490100
3491300
3508400
3512800
3462301
3446500
3496800
3527501
3509000
3473800
3505000
3519100
3532200
3497600
3463300
3503500
3531400
4912500
4829700
3778100
3418701
3493100
3532000
3438000
3498100
3519300
3456100
3509400
3538799
3485500
3474200
3541700
3524299
3502200
3557499
3546600
3511499
3538800
3538901
3503600
3542700
3577400
3563300
3460800
3553999
3515700
3548500
3491300
3532700
3541200
3554399
3568299
4450499
3558000
3494701
3521400
3481499
3567399
3522700
3565799
3560200
3549400
3482699
3555300
3578500
3575500
3626600
3595400
3533200
3603800
3570001
3577500
3524601
3575700
3567200
3590100
3557599
3605600
3569699
3640500
3653400
3604999
3605300
3559600
3563600
3577500
3601399
3602100
3570500
3591000
3583601
3646300
3601299
3621600
3583700
3593000
3610100
3570500
3603099
3617600
3592300
3610300
3602500
3594701
3618600
3584100
3598200
3631899
3586600
3600201
3654800
3607300
3629700
3569499
3638600
3631799
3604500
3574199
3606300
3572599
3632900
3570200
3606900
3585000
3638300
3630501
3647200
3581100
3616201
3596700
3680799
3595500
3616401
3575199
3655300
3628599
3622600
3646901
3627400
3577700
3614401
3653000
3654400
3605300
3655100
3609201
3716299
3670100
3630299
3670400
3655600
3646600
3669200
3709799
3646700
3694501
3707199
3624000
3655800
3609400
3639000
3634899
3670800
3663000
3609900
3678801
3678599
3688899
3628601
3642200
3632800
3701900
3674399
3610600
3646399
3629700
3624801
3679700
3702300
3690300
3632699
3748699
3625899
3699600
3659100
3660199
3634000
3710399
3716700
3726700
3696800
3686300
3692800
3693000
3679300
3690300
3739200
3708299
3723300
3628900
3687200
3707100
3700600
3707000
3706999
3698800
3708999
5131900
3715900
3707099
3668800
3779700
3698500
3684100
3728200
3700400
3681400
3744600
3741400
3675300
3737400
3718500
3726000
3664301
3739699
3721901
3716000
3709701
3725299
3743501
4179000
3691000
3660001
3675600
3596900
3699400
3715500
3717100
3672301
3712001
3709000
3730500
3691600
3705701
3760600
3685400
3644100
3736001
3709000
3710900
3672800
3744900
3692900
3715400
3665799
3764300
3666801
3730600
3694399
3721400
3755701
3686000
3703400
3722200
3764700
3720099
3764799
3692000
3708801
3677499
3693400
3738901
3675700
3782699
3762800
3783000
3744300
3731400
3707099
3718800
3750400
3768299
3723400
3701200
3717899
3794099
3722400
3739701
3834600
3823600
3749401
3786501
3709800
3759001
3742400
3798799
3704999
3782900
3767700
3731300
3777700
3745399
3763001
3767700
3741900
3731700
3820300
3781700
3721201
3805099
3792200
3805400
3773800
3754800
3754900
3769100
3815199
3775200
3760800
3782199
3758800
3770299
3807200
3802500
3742099
3798800
3784100
3840600
3806300
3839300
3770999
3833901
3801400
3808400
3841601
3816601
3778200
3793900
4827199
3780300
3862200
3803501
3806900
3912900
3804200
3836000
3806300
3837800
3820900
3787100
3820201
3791200
3802500
3841801
3849899
3889100
3785301
3857900
3815600
3870200
3787700
3804300
3813700
3874099
3858201
3859200
3865300
3839000
3848499
3797500
3794101
3830101
3869200
3843500
3877900
3892801
3869500
3799299
3859000
3844300
3884100
3844700
3835900
3851600
3872901
3799900
3884300
3835200
3838200
3862000
3792400
3828899
3907300
3802499
3883600
3845101
3873600
3891601
3843800
3858799
3875700
3828500
3897500
3916400
3850600
3857800
3861999
3924300
3909699
3886401
3902300
3850400
3865001
3863800
3874400
3919999
3922401
3886600
3859399
3932599
3826800
3928800
3843000
3865300
3930201
3882099
3859500
3858500
3893600
3905001
3944600
3924200
3813200
3977000
4028201
3868000
3932400
3973700
3942799
3937701
3933500
3916300
3900400
3965001
3896900
3948901
3895699
3977300
3917101
3991401
3896599
3927400
3903800
3939801
3947200
3912200
3889899
3959800
3949699
3941300
3900400
3952899
3937701
3912900
3935500
3926300
3914800
3958200
3928000
3880600
3920800
3900000
3964500
3900800
3930400
3995099
3973800
3956800
3957700
3917200
3970900
3969999
3943601
3964599
3933301
3945600
4000999
3928201
3938100
3966700
3957000
4007900
3922200
4015401
3996299
3966600
3971200
3971200
3982399
3982900
4022100
3997000
4003400
3929400
3946301
4031699
3955400
4018600
3985301
3992899
5073300
3979799
3963500
3987200
3971000
3962200
4003400
4077900
3998201
3969699
3928900
3922700
4012401
4037500
3935700
4013900
3988999
4004301
3970400
3996400
3981600
3975200
4087799
3987000
4056600
3992000
3976600
4018001
4008899
3986601
3973300
4028999
4001300
4012600
4026399
4081500
4070499
3999301
4013999
4005400
4010401
4012501
3974400
3997599
4008201
4042701
4062699
4066900
3959900
4106399
4013000
4063299
3998200
4100700
4030400
4035300
4054700
4027700
4056900
4071601
4009400
4109999
4037700
4051100
4036699
4041800
4127000
4031501
4011400
4057900
4018701
4057100
4008200
4059100
4049900
4054500
4089099
4052599
4081000
4055799
4058700
4072800
4055900
4015100
4043801
4055100
4026199
4042900
4077000
4076300
4136200
4096100
4063400
4045500
4122400
4059200
4092299
4093201
4081500
4083900
4117099
4081600
4159699
4099799
4044200
4084900
4091700
4192001
4037200
4058100
4127900
4057100
4125300
4114800
4104599
4154900
4132500
4159400
4116999
4163801
4106800
4108000
4082400
4129900
4142800
4093300
4058100
4104199
4127900
4125700
4080800
4115100
4118599
4106400
4122599
4104201
4146600
4157200
4129599
4131699
4162300
4187600
4094001
4167200
4093499
4186601
4162599
4091001
4103700
4169100
4170400
4149200
4139800
4098000
4110600
4230699
4215000
4190300
4223801
4188800
4168901
4202300
4150799
4163901
4130400
4155000
4152600
4182800
4193200
4161300
4196599
4137401
4174600
4222000
4178599
4166000
4162800
4215800
4166201
4217000
4161300
4207300
4171600
4160899
4161199
4226101
4110900
4224900
4218500
4185500
4153799
4192499
4250900
4176300
4172600
4200499
4248101
4192799
4244401
4249000
4195499
4185600
4246700
4247900
4159200
4194400
4207700
4201700
4198799
4181700
4256900
4254199
4218900
4217700
4270600
4196901
4226300
4226900
4265400
4255801
4255700
4258000
4309599
4176301
4212301
4159200
4249600
4235400
4279600
4253000
4276100
4281800
4263400
4300300
4221600
4123200
4210500
4215600
4217899
4219400
4247000
4228200
4202000
4253100
4272400
4241700
4190600
4306599
4221599
4273001
4267300
4253800
4297500
4281900
4344699
4333101
4179499
4291801
4254200
4190999
4298301
4293500
4281499
4250600
4314599
4302301
4232100
4312700
4199299
4290501
4300400
4291601
4290901
4279600
4250000
4327300
4286899
4301601
4276999
4397001
4288000
4257600
4295400
4300999
4351901
4280900
4327400
4299800
4350700
4274399
4346001
4302900
4323800
4278600
4318400
4282299
4357100
4316801
4361300
4281800
4298599
4230201
4326600
4351300
4281900
4355500
4319001
4310000
4320299
4394600
4294900
4332300
4340400
4431700
4319899
4343600
4331701
4322000
4490500
4361699
4339600
4389300
4345801
4454900
4395900
4409200
4380099
4338301
4344300
4492900
4356000
4467000
4352700
4449000
4331499
4758601
5990000
4469999
4462000
4387900
4408700
4414801
4433800
4426400
4371500
4424800
4443400
4425700
4453200
4409299
4495400
4482200
4455699
4412001
4473700
4473899
4498001
4416900
4398199
4406001
4490899
4441201
4422800
4420399
4461601
4460900
4431700
4521300
4460700
4475099
4487301
4468399
4433500
4436001
4476399
4436501
4465900
4434500
4453799
4538401
4515501
4443999
4462900
4419000
4458299
4422101
4519600
4432299
4458801
4482599
4444999
4465300
4430501
4498701
4451300
4446300
4517500
4452799
4489100
4500600
4527200
4437000
4474000
4507900
4468899
4433600
4446000
4389600
4475101
4527299
4454701
4506300
4424100
4446600
4439099
4484600
4491800
4472699
4548000
4488400
4511500
4496000
4503500
4525000
4547600
4505400
4528801
4506199
4494300
4495800
4464500
4542400
4489699
4512300
4475199
4508900
4473301
4504300
4467700
4505101
4516699
4523699
4503200
4515500
4545600
4507700
4510000
4486800
4468499
4577301
4498800
4503300
4544400
4559101
4504799
4499001
4537700
4568900
4546000
4526200
4566501
4525200
4519200
4546400
4478700
4532201
4558900
4550501
4537900
4546601
4536600
4517900
4578901
4586600
4562499
4578401
4592199
4523899
4637100
4559799
4614299
4537999
4603501
4562700
4585200
4574400
4574900
4707800
4584001
4628400
4544000
4585700
4593999
4640500
4556400
4538600
4597300
4595299
4608500
4619200
4580301
4559099
4619000
4528800
4612100
4609099
4576401
4571600
4642001
4567100
4616200
4593400
4531700
4637400
4586800
4606399
4561000
4575099
4585800
4561101
4549500
4561700
4604300
4605400
4650499
4629901
4607501
4613499
4617200
4596699
4593701
4612700
4631300
4627400
4625600
4686599
4589101
4573800
4619900
4636199
4689501
4655400
4595799
4605100
4641200
4614999
4676599
4617400
4620800
4666600
4671001
4640200
4758500
4678900
4673500
4708000
4636300
4590900
4605100
4626100
4608700
4578700
4664700
4675100
4590999
4701900
4692100
4651000
4646000
4709600
4719900
4610901
4653899
4612100
4634300
4639001
4683799
4716600
4693600
4634499
4634901
4681200
4744099
4710800
4742400
4730300
4637800
4746000
4745800
4636700
4653900
4742500
4676600
4648600
4745499
4602601
4697900
4707000
4809500
4751100
4666900
4739900
4655301
4697699
4680601
4742700
4681799
4765499
4668000
4698499
4776800
4609300
4743600
4729400
4667700
4757499
4726599
4770400
4759300
4727500
4737900
4693300
4717700
4690001
4685401
4779600
4733999
4724300
4744500
4781401
4834899
4700300
4724300
4750401
4745000
4754700
4791200
4663500
4772100
4764800
4808100
4730100
4750601
4734401
4765601
4830600
4687599
4767800
4785100
4811200
4754100
4750600
4716499
4752200
4749801
4766501
4737401
4735101
4767700
4752800
4776500
4732701
4756000
4769200
4757400
4800600
4768600
4769800
4815400
4815700
4758501
4778300
4748401
4775700
4798300
4767200
4793199
4797700
4829400
4776500
4802900
4820700
4814500
4797900
4790699
4839600
4811401
4804999
4804900
4858500
4821101
4857900
4800200
4841000
4777500
4815000
4817101
4786600
4808300
4812499
4888899
4830200
4791299
4868801
4850799
4899301
4802900
4884901
4853300
4810900
4802600
4813700
4853000
4901999
4901400
4869700
4822499
4866900
4825100
4852800
4927700
4810499
4844900
4820500
4843901
4843000
4880699
4833800
4873900
4836999
4824700
4856401
4859600
4798600
4903200
4883701
4804799
4901601
4920800
4865599
4886799
4827899
4937300
4791600
4929400
4863200
4848500
4836100
4852500
4872701
4847199
4904701
4886300
4879399
4896600
4839000
4791299
4894400
4910000
4895801
4888100
4879900
4873100
4927100
4854601
4854600
4909900
4929201
4855799
4832300
4834600
4964301
4911299
4917499
4890799
4901600
4900701
4940699
4961101
4907500
4923600
4902700
4969900
4891500
4960900
4912800
4895001
4932499
4961600
4896801
4906200
4940400
4956501
4906800
5012100
4913599
4931600
4961201
4963400
4952000
4924800
4942599
4981699
4987100
4949200
4960301
4956999
4930500
4935001
4956100
4905100
4982500
4850999
4955900
5000500
4966300
4963200
4989099
5019500
4907700
4926101
5037800
4970101
4974500
4968900
4973501
4955100
4961300
4958499
5014800
4961799
4992800
5009801
5078501
4946399
4977400
4941501
4962200
5045000
4954900
5019100
5005801
5004999
4964899
5024700
4980501
5003501
4999200
5001999
5020901
5020200
5021000
5031200
4958500
4974501
5031500
5072500
5051300
5052400
5046400
5074200
5010200
5051699
5091800
5010100
5054700
5020001
4971700
5011401
5046500
5043300
5027000
5016800
4986300
5054599
5044200
5037199
5058799
5061900
5082899
5013000
4939700
5007600
5052499
5043199
5034300
4988600
5030901
5048500
5088501
5069401
5028801
5062701
5069199
5113100
5011001
5084501
5067100
5072300
5005199
5078700
5043700
5101000
5039300
5082100
5000400
5068500
5053600
5069200
5046900
5089500
5073601
5122000
5031400
5035299
5026499
5128400
5039001
5037000
5114399
5054100
5061300
5004700
5052001
5134900
5100000
5064199
5052500
5029100
5100300
5049399
5105100
5139600
5101301
5083301
5114300
5103200
5091500
5129301
5125599
5128000
5130100
5206001
5089700
5071901
5097601
5143799
5154800
5024000
5157300
5136400
5137300
5111400
5146000
5107300
5129200
5070901
5123301
5137600
5213500
5067500
5111600
5139199
5164299
5139100
5214600
5115599
5152500
5096301
5185500
5172200
5210900
5121700
5151800
5141000
5188300
5241400
5161801
5091800
5204900
5240999
5143500
5091700
5113700
5192300
5220701
5129600
5231799
5235801
5249599
5176800
5211000
5201899
5173400
5164300
5148201
5140101
5235199
5244500
5185300
5181000
5185900
5209100
5194500
5158300
5192500
5205500
5171101
7178700
7246000
7276100
7171500
7166201
7249501
6095700
5243000
5232199
5222299
5208799
5276600
5197400
5198800
5255599
5233300
5167100
5222600
5331400
5271101
5217001
5247500
5242400
5262600
5244100
5206799
5183800
5287800
5209701
5179301
5229801
5169600
5259800
5278900
5283100
5291400
5246401
5259800
5219901
5246901
5248299
5248100
5225600
5261999
5334000
5242200
5293701
5306700
5254800
5277701
5280000
5281900
5250600
5284501
5261601
5230700
5196201
5378299
5245700
5269301
5238501
5312601
5308100
5281201
5259799
5241299
5306800
5199599
5286700
5323700
5234000
5301001
5305000
5225100
5303200
5260199
5272100
5377200
5256200
5265200
5313800
5345699
5282799
5240000
5268300
5289000
5316001
5245101
5328999
5308400
5294401
5273600
5364401
5355200
5268700
5372399
5336600
5376201
5351000
5347300
5284900
5293899
5339500
5294401
5367900
5306101
5302600
5306300
5328201
5331101
5382200
5416499
5372100
5348901
5410200
5363300
5324299
5381900
5406400
5363201
5346499
5314000
5378099
5318500
5367100
5324800
5328100
5456300
5363800
5360399
5351300
5316600
5378100
5342399
5317299
5288400
5405400
5313300
5375700
5400500
5411900
5347501
5415800
5350800
5399300
5347100
5384599
5332700
5396300
5356199
5421299
5399700
5351000
5381800
5433999
5417200
5433901
5384799
5316900
5384600
5400800
5385800
5475799
5392499
5380600
5445600
5368500
5375800
5462699
5300799
5466599
5360599
5368200
5464100
5487900
5385201
5386600
5469599
5411200
5386400
5365800
5424901
5416601
5454400
5387001
5463099
5510700
5408601
5471200
5457900
5368199
5561199
5479299
5438499
5436099
5491700
5450001
5402100
5447901
5460400
5513999
5448100
5458200
5418099
5385200
5471301
5446200
5509901
5488600
5428801
5416900
5502500
5454500
5395900
5433601
5518000
5487199
5463801
5440600
5483401
5542201
5433700
5486800
5479800
5439499
5440800
5532600
5530699
5506700
5447000
5425700
5495901
5443399
5461600
5581699
5529799
5514600
5484201
5451200
5540600
5509401
5400201
5465600
5546300
5497900
5471900
5525799
5525400
5559200
5478100
5506500
5551500
5495600
5469000
5471900
5446201
5534600
5468201
5535101
5477200
5476200
5508001
5490500
5588301
5515401
5544701
5437100
5506700
5504500
5520900
5556000
5532200
5486600
5483701
5576899
5553200
5512099
5595300
5603301
5626500
5616000
5565000
5551500
5518400
5542201
5586201
5595200
5526400
5541301
5605801
5570701
5625500
5565200
5577100
5580400
5613500
5528000
5613499
5641500
5559100
5553600
5671300
5674799
5562800
5572199
5610500
5700700
5488800
5572500
5595900
5594900
5625100
5647901
5647900
5599099
5539501
5606401
5615401
5614999
5687200
5593201
5625499
5638100
5635000
5666500
5657999
5598300
5636301
5554101
5605100
5583999
5614499
5553400
5647901
5575399
5576299
5570600
5574399
5713499
5624500
5623900
5609600
5598400
5672500
5641700
5704500
5633100
5672700
5677900
5691901
5622800
5613601
5589100
5594700
5675100
5669401
5597300
5677199
5623000
5614399
5648399
5600900
5683001
5746599
5622400
5720900
5626200
5696000
5639100
5642700
5641400
5748099
5662899
5692300
5681400
5646300
5671400
5685500
5645899
5717000
5690601
5631199
5791299
5722700
5645200
5755001
5689701
5721600
5688600
5642100
5767100
5675601
5698599
5746000
5701800
5787500
5690100
5660001
5680900
5703400
5878600
5696999
5684300
5643299
5635900
5751700
5703700
5799801
5720901
5731200
5631301
8057500
7906600
7953400
8072200
7900500
7928101
6647801
5697299
5780600
5744099
5724000
5792700
5760900
5793201
5772999
5672400
5731201
5752900
5716800
5783600
5823200
5798101
5724700
5754100
5788300
5820000
5779800
5755300
5789599
5901500
5797800
5761300
5742401
5756601
5713801
5772400
5851799
5835500
5780200
5785700
5745201
5762699
5782700
5764600
5799900
5821100
5745800
5714799
5834399
5797900
5806800
5800900
5749000
5821501
5778100
5825200
5883100
5767900
5806401
5797500
5794100
5822000
5781899
5744000
5811800
5810800
5822900
5886701
5806100
5788300
5868500
5834399
5802899
5828300
5871600
5840100
5821000
5798199
5792300
5849000
5814300
5800099
5864399
5834000
5837700
5763000
5820900
5857100
5807399
5822100
5848700
5818801
5903500
5838100
5843000
5900300
5835100
5935099
5778100
5821901
5844600
5887800
5863600
5851400
5898899
5866500
5877101
5832801
5820301
5848300
5786500
5915199
5885400
5889200
5853400
5906500
5828500
5872000
5949901
5850600
5908900
5849400
5852200
5893500
5867199
5925699
5851100
5813100
5963900
5898401
5870300
5864200
5861600
5950000
5919701
5898000
5884000
5940499
5904100
5916700
5882000
5953300
5952599
5944200
5965601
5917100
5869099
5927900
5893400
5918799
5836500
5868100
5900500
5889200
5888700
5895500
5920400
5877201
5872800
5875399
5916700
5898701
5941299
5885500
5881201
6021300
5983899
5962400
5897999
5911600
5936200
5956599
5922299
6071100
5935100
5920500
5936500
5956001
5932901
5960800
5953201
6010701
6008300
5975000
5889499
5984601
6018801
5915099
6049600
5941601
5854900
5970400
5925500
5930600
5993600
5951200
5921801
5996800
5950199
5981601
5998800
6071800
5973699
5965600
5986399
5992100
6019701
6045100
5986500
6031701
6025500
6065700
6068500
5946600
6024601
5966199
6044499
5958700
6056300
5951899
6018900
6091600
6051300
5987901
6010700
6085900
6013000
6077600
5998400
6004300
5988801
6017900
6005600
6031900
6058500
6034000
6031400
6021600
6043600
6088701
6029000
5961600
6050099
6114800
6039000
6080400
6037200
6052499
6085700
6063000
6004800
6050700
6066799
6060800
6072300
6004799
6061200
6085100
6006400
5979900
6079201
6026300
6045801
6113800
6114200
6054600
6121500
6038400
6029500
6088700
6087800
6092001
6147800
6085300
6075599
6098500
6104601
6133299
6161800
6100000
6041400
6125599
6151600
6083400
6071299
6043300
6014600
6111699
6028899
6053500
6158601
6109199
6107800
6082200
6066101
6094199
6159900
6109300
6146100
6048600
6174100
6209000
6072100
6105100
6121700
6109000
6055500
6113001
6172800
6120299
6119899
6104000
6138400
6077699
6217300
6188401
6157900
6122300
6209799
6129400
6066500
6130300
6221600
6104101
6215200
6159099
6128700
6152900
6165900
6182900
6142000
6151800
6156799
6211699
6092900
6151399
6257199
6206400
6076900
6220100
6066399
6188900
6102100
6159900
6211900
6188700
6172700
6171900
6066700
6168100
6151900
6214300
6197801
6196000
6163101
6081800
6124700
6194300
6140699
6231800
6267301
6153799
6204900
6242401
6301700
6209199
6217199
6234500
6154700
6228800
6241900
6276700
6271400
6180500
6123500
6308099
6221100
6238000
6211900
6256799
6238800
6232599
6269200
6200499
6227000
6179200
6288100
6217100
6268300
6243199
6182399
6261800
6219200
6281599
6200001
6232300
6252300
6190500
6309700
6214400
6263600
6303400
6337201
6266900
6326201
6286300
6269500
6234899
6250100
6290201
6265900
6250900
6297900
6228100
6181700
6211900
6175099
6307400
6224900
6247501
6244700
6211200
6258101
6290801
6245800
6306700
6297600
6280901
6227300
6268700
6285400
6384000
6351501
6366401
6301100
6284799
6358900
6369700
6336400
6361000
6340899
6265400
6332201
6347899
6319999
6284600
6329300
6320600
6301400
6322300
6356700
6316300
6288299
6361200
6275700
6313500
6267500
6416200
6334601
6237900
6333900
6297500
6369201
6316600
6364401
8946800
8960200
8764001
8827700
8520199
6431900
6306101
6342900
6306800
6312501
6319799
6382700
6373400
6401600
6427400
6266700
6396900
6370099
6404400
6382599
6399900
6390501
6400200
6383400
6377400
6328300
6348699
6378400
6469400
6397800
6387099
6407900
6493200
6340900
6462999
6388400
6397599
6379099
6414000
6384300
6393701
6378299
6400200
6440001
6398600
6420101
6424600
6414499
6348500
6421100
6408500
6421200
6356300
6399000
6395300
6396199
6447900
6439601
6432400
6386299
6474599
6405400
6430899
6431900
6434300
6371000
6393899
6430200
6432100
6437800
6347001
6496900
6441700
6455399
6526600
6509599
6432800
6514200
6442300
6431400
6520700
6489500
6453800
6475900
6359100
6432701
6427399
6528000
6496200
6485601
6459601
6421300
6474100
6473899
6459099
6493400
6467800
6503500
6460101
6376000
6484999
6587200
6411800
6493299
6466300
6539299
6464900
6474600
6550701
6488500
6487699
6572600
6519500
6558700
6512100
6561400
6508799
6576399
6513400
6470400
6514100
6590100
6434300
6541300
6459500
6493201
6477100
6584700
6527400
6564201
6596201
6526200
6506500
6532000
6546100
6470501
6621000
6652599
6614300
6530499
6548099
6488599
6505600
6547099
6545100
6586700
6480900
6614501
6537300
6522100
6521900
6548601
6539200
6572700
6562900
6602600
6550599
6523700
6493000
6580699
6622300
6555701
6606400
6571000
6598101
6536600
6610200
6563500
6607700
6468300
6584099
6658000
6639201
6653200
6600600
6658800
6638800
6591300
6576200
6485100
6577600
6683900
6486000
6620900
6658500
6600501
6513500
6555399
6690300
6611201
6543800
6594800
6552100
6588200
6595501
6647701
6629499
6686300
6571200
6550100
6594100
6580000
6581399
6684000
6570100
6617101
6627900
6730301
6751800
6611700
6730000
6668200
6642900
6664500
6630800
6682000
6719900
6661100
6689901
6556499
6616400
6613799
6641299
6633200
6607100
6595600
6751599
6683000
6606899
6632400
6679600
6758999
6748000
6704400
6691700
6610300
6643201
6758300
6689900
6625400
6634500
6692999
6625300
6643001
6760600
6718800
6733700
6638900
6717000
6648300
9286299
9281700
9395799
9345401
9374701
9328399
7462300
6693800
6691000
6659300
6766101
6710100
6693901
6730200
6666100
6666500
6748301
6633100
6764700
6782300
6688800
6652301
6564700
6673701
6745700
6680400
6799101
6754500
6697401
6792599
6711100
6721000
6775299
6812700
6712700
6748401
6751100
6714400
6747700
6796900
6694401
6819700
6740000
6770801
6766499
6909900
6793000
6877600
6765900
6727900
6708200
6832201
6818000
6731999
6784400
6797000
6793799
6786200
6760600
6756400
6901801
6828600
6775300
6782099
6675600
6696100
6833801
6799700
6895900
6717301
6856000
6933599
6804499
6840599
6865300
6787800
6789300
6791200
6846799
6757400
6815700
6817399
6730399
6855000
6846401
6870099
6840400
6827499
6823701
6775601
6807201
6785500
6798400
6838101
6876499
6847200
6821000
6870700
6929500
6818100
6777000
6803500
6930600
6756500
8081700
6814700
9578999
9473000
8477401
6802800
6792701
6811101
6720900
6784400
6787800
6912700
6678800
6986000
6756100
6886400
6889900
6801200
6780000
6750400
6816501
6780299
6773500
6788100
6890000
6817800
6875799
6804699
6869399
6863200
6758400
6760700
6790300
6891999
6788000
6797201
6812699
6865000
6851000
6889499
6833100
6772000
6819801
6787600
6781000
6860401
6826599
6843800
6823001
6794300
6923900
6802400
6832500
6879400
6718400
6839200
6890400
6851100
6845400
6935199
6834700
6814700
6865300
6827701
6926100
6926300
6992100
6941700
7008300
6922099
7058800
6965099
6928499
6962899
6973900
6939301
7017300
6909600
6935301
6887499
6924100
6968700
7005001
6917700
6972500
7045899
6996900
6898799
7015700
6939000
6938201
7080600
6906100
7003900
7012100
6942500
6991000
6924800
7033100
6984299
7000600
6974000
7021800
6919200
7042701
7039000
6928000
7020900
6993099
7057199
7062100
6964899
7046601
7027700
7015300
6979600
6996001
7149800
7044101
6958200
6988500
6963100
6982500
7098900
7018000
7115000
7039199
7079699
6994300
7107900
7091500
7086200
7071000
7089501
6927500
7075700
7001299
7047500
7016300
7084300
7042601
7004100
7013600
6985300
7088600
7122400
7076201
7069799
7018600
7079999
7009800
7076699
7028300
7048900
7160900
7042600
7036700
7066800
7070499
7130701
7070100
7119499
7112200
7069001
7080701
7119601
7082700
7080099
7087000
7025800
7084799
7086700
7115000
7111599
7023301
7110300
7155800
6939000
7100200
7116499
7070601
7102299
7203500
7101800
7063700
7192001
7051800
7115800
7154200
7168900
7119599
7106700
7118099
7007001
7084601
7184000
7068701
6999699
7081599
7148301
7149599
7130800
7114701
7092500
7159800
7176700
7150600
7057100
7197899
7228401
7050200
7161099
7142801
7123400
7159800
7102200
7154500
7138200
7180899
7153300
7234100
7175600
7132400
7174600
7201100
7203500
7140600
8048200
7225000
7119100
7124600
7152900
7178000
7161901
7169100
7192400
7115000
7208100
7205301
7193400
7277700
7218200
7281600
7241500
7243700
7171400
7253901
7250200
7199900
7245600
7196400
7194500
7170200
7158700
7179900
7215600
7191001
7187500
7186900
7218199
7293000
7234000
7222700
7248200
7124000
7197300
7218100
7288201
7195400
7268600
7204400
7267499
7237400
7167999
7167200
7269600
7200099
7235000
7227499
7291500
7211301
7180400
7307600
7261200
7203599
7277300
7259400
7275000
7290999
7207101
7343800
7303200
7241099
7299100
7206500
7264100
7283799
7251800
7309100
7243199
7273700
7324300
7220900
7321800
7283900
7162000
7235901
7235900
7355100
7325800
7243400
7240700
7368399
7266401
7317200
7364100
7368500
7312501
7329700
7338500
7316300
7346701
7256299
7246800
7394801
7342100
7328699
7303901
7335900
7288101
7347099
7228401
7343499
7375900
7302301
7368900
7405901
7333599
7298700
7338100
7365801
7386099
7213100
7345299
7439701
7395000
7421001
7279300
7358199
7343501
7350399
7354100
7365301
7400300
7383000
7314300
7358500
7370900
7395600
7342200
7451799
7444000
7397200
7386100
7307300
7375800
7398400
7291300
7355400
7465200
7352900
7377300
7312600
7420500
7448799
7372499
7391700
7399700
7347501
7350400
7418800
7376300
7453700
7388900
7433000
7380300
7355500
7413800
7390201
7443600
7389600
7418200
7488100
7384700
7476600
7454999
7432099
7384500
7400699
7399900
7468601
7380699
7446400
7389201
7408100
7423800
7488799
7534501
7474700
7491200
7478100
7363001
7390199
7305900
7476900
7425401
7464199
7486501
7409700
7503799
7538301
7488601
7431999
7428000
7494199
7521600
7438201
7477500
7462199
7492801
7400600
7490900
7485000
7486200
7556800
7428600
7509200
7534500
7366900
7483400
7531800
7518100
7446100
7515700
7546400
7532500
7506300
7488999
7495099
7461700
7521400
7503900
7482101
7541200
7410000
7442499
