7100
700
5001
2000
1800
2600
2699
3100
4601
4100
5000
5901
8301
7601
6800
8100
21200
12000
9099
8699
10600
10500
10401
11399
11200
32400
27000
6100
7199
13600
14000
6900
6801
2200
6601
3200
2600
5100
2600
3499
2400
3000
3900
3400
2800
4500
6601
3299
5200
4799
4500
3901
3300
4500
4400
4199
4601
4800
5901
4901
7700
5001
5299
8500
7200
8700
5400
39601
9399
6200
6499
5701
5699
8899
6700
5701
6101
6099
13000
6700
7901
6900
7199
7300
6400
7101
6701
7101
6999
8300
7800
7600
8800
9100
7200
10800
7600
7800
9301
8299
13500
9000
8200
10700
12399
13300
9600
8399
11201
11201
14300
12300
17900
13600
10299
9100
10400
9999
10100
10500
9401
11400
10700
10600
11600
11800
12500
12400
15300
12200
18901
11100
11600
11999
13100
12500
11600
14100
18800
12500
13001
14100
15300
13800
14500
14900
13099
12200
14900
12500
14000
13900
13301
13500
14500
12799
14600
14600
17300
13701
15000
14800
14300
15200
13401
27000
14100
14600
15500
15800
15000
16500
16100
18100
14600
14600
30600
14700
17600
15800
15100
15200
17699
17001
15801
15500
17000
16100
16600
15900
16199
16500
17600
16100
17599
17300
18000
16800
17300
20999
50100
32899
33000
32899
36299
36900
18700
18500
19401
17700
19300
19700
23600
20400
18500
18701
20900
21800
21300
19900
20201
19399
19899
20500
19700
20501
20300
20301
20400
24199
22001
21701
22100
33901
51599
36000
36600
32800
35500
38001
40600
36400
43100
24500
30600
29600
22400
22800
21501
22699
22201
22400
23400
23600
23099
28699
24300
23200
23499
23101
31200
22401
22399
23700
23100
23999
23200
25000
23299
23200
23801
25100
23399
24401
26200
24200
24799
24101
25000
24399
25200
25201
24600
24500
26699
25899
27501
25301
25600
25500
27900
27900
28800
28200
27900
31600
28300
44300
37399
31600
28700
28200
29000
29000
27300
28700
28800
27700
28400
28900
27000
28200
29400
27600
28700
27400
32000
29600
30700
34101
35200
30900
28201
29800
40600
33701
33600
33301
30300
28800
30100
29400
31000
32000
31100
30800
37599
36000
43000
37199
39100
35101
34500
34201
39899
36701
31500
33500
33500
33200
37001
34899
33700
32400
32999
34301
34100
35101
35300
33901
33900
36900
33600
33500
32701
35800
34600
36400
33899
36200
34499
37800
35901
34200
34501
36400
38001
40200
36500
41201
41700
40600
37699
34900
35799
35400
36500
35300
36700
36400
37701
37199
40200
46200
42199
49700
45400
45400
44200
41001
41601
38901
43000
43000
41000
38700
38800
38901
38700
39099
39100
38701
40300
39600
43600
38999
44700
44300
44400
42700
43700
53200
50000
48199
53200
45500
42701
46400
46600
43800
46800
43800
40700
41700
42000
42300
42200
42000
45100
43200
42800
47100
45600
48200
46200
49099
48400
41300
43600
42200
43700
49699
46300
48700
50701
56400
48500
49901
50800
54201
48799
51500
53300
43900
49800
45400
43699
45300
43500
46800
46600
46100
50100
45100
51301
46800
47100
48000
47300
48000
48000
49000
48901
49400
48900
51000
48099
50900
48500
46400
47900
46999
48401
49100
45300
49300
47300
60901
54500
61900
60300
70500
65300
66501
62700
65201
69499
64600
63799
63600
63600
67501
63100
67401
69600
65799
66000
67201
65800
64301
64500
65901
65700
65200
65699
65100
81599
66800
51901
52500
53000
54101
52800
53499
53000
51801
51799
54901
54401
63300
55499
52900
54201
54300
54900
60200
64899
73399
56499
55299
53400
67001
55800
54800
56999
55299
66000
62099
56800
62900
56200
56900
57500
63100
56801
54901
57100
55300
55100
54800
57800
55999
54299
55900
66301
56400
57100
57200
58600
59300
54700
56900
55400
57800
56600
57000
57400
56900
59600
57900
58600
60200
57101
58300
57399
56999
63200
58200
58300
59300
61100
59299
59900
60500
59100
60301
67500
79099
91400
78100
71001
83201
62200
60100
60400
60800
60101
66700
58600
62500
61300
60400
60000
60099
61600
65899
63100
71100
73100
73101
62201
64700
64501
65600
67401
62899
65800
71400
131800
63000
62901
63400
63300
63200
63299
63500
63800
65100
63799
72699
63200
68500
70499
67000
68500
332701
69601
83001
70200
65499
66700
68700
65999
66700
66701
75200
2085301
78400
70500
66901
68900
67499
69700
72799
72500
75500
67299
57999
74200
75800
66299
67999
68800
148501
71301
73601
64900
81599
75500
70200
69299
69199
68400
72699
77100
73200
67600
63100
59201
58600
61500
58500
58200
57900
58200
86601
51400
46700
44400
44400
45100
44000
51699
44300
60700
54300
55200
54900
60600
58401
54901
55301
55101
46300
45600
45900
45200
45700
46500
46400
50901
46200
49101
46300
46800
46100
47900
46200
46300
46000
47100
46500
106100
46500
46600
47100
46900
47600
48099
50400
46700
47100
47100
47201
47200
50700
48600
47700
48700
47300
47100
46900
47801
47500
47400
72399
49000
50301
47100
47700
48100
48001
48200
48300
50200
49201
48300
48601
49200
49300
48700
48900
49699
50500
50101
50999
49900
49201
50500
49901
49599
49900
52300
50000
50500
50199
50200
50701
52599
50800
51801
50900
51200
52700
50501
51399
51300
52001
54700
52099
51700
51601
51400
52000
51700
51801
53100
52000
52400
52001
53200
52099
52600
53101
54700
52400
51999
55899
53799
53000
52701
52600
53499
52399
52600
52701
53100
55900
53799
53599
53799
53199
53400
53301
54801
53900
53800
56800
54100
53899
54199
54700
54600
55101
56301
55901
54801
55201
55001
54801
55600
55500
58600
55101
55101
55201
55001
56300
56000
55401
56201
55601
55201
55101
55200
55900
56100
61699
55399
55799
55799
110100
58500
56401
56001
56801
58799
56700
56500
56900
291300
57001
60299
57100
57300
57200
57200
57000
58101
59199
58700
61400
133100
58299
57700
63800
66200
57801
57901
59499
59100
58200
62799
59800
60099
58900
58600
65099
62500
63801
60200
61400
59300
59400
59000
90600
60900
60300
65101
60000
60400
59500
59600
60601
60300
61800
60000
60000
60100
60501
61100
65899
60400
59700
60500
60200
60500
61300
62300
61300
61000
137000
61500
60800
61300
67501
74301
67900
62501
61200
61100
64700
63501
61500
61400
61700
62300
62300
74000
73001
62800
62300
61800
63100
63200
63500
63600
62899
63400
63600
63100
64701
67599
64300
64101
63800
63600
63599
63900
83701
80501
79799
146599
86900
89500
90301
79300
81401
80699
79000
80701
79199
81500
81300
80101
79999
80500
83400
87901
144900
83700
80600
78500
79800
81300
80001
81399
84699
81900
88999
83999
82899
80500
85400
82900
81601
82201
88200
84001
84401
81601
84601
87001
84101
85500
83500
83000
82701
84301
87001
88001
84500
83900
85199
86299
84799
83699
84199
84599
82900
86699
83699
89100
103400
109300
87300
86301
84501
86501
86000
86899
86600
88000
85100
100801
105401
97600
86699
85599
86200
87000
87600
86601
87899
88700
89400
101200
91300
88501
89900
87600
87501
88899
87800
87200
87001
87401
87299
94300
318199
91400
89601
93900
88601
88899
87300
89500
88400
95000
98101
102001
106800
93500
95100
87799
89200
93499
90100
101600
97201
105400
106900
106600
99700
95300
92500
91000
103001
91700
99900
89400
91400
92400
107000
97299
90000
90200
113700
110300
162199
95100
90800
155299
103200
97201
97900
95799
120400
104599
93500
93700
91000
95500
129501
99800
97100
92500
92100
95800
91800
91700
93000
91200
95200
101101
96701
99101
97401
93899
94300
93800
95800
95599
96100
96800
95200
96501
103400
98301
96801
98300
96600
96399
99299
120400
106100
98801
97200
96999
95999
97500
96900
106800
108200
132000
145901
131200
130500
130100
139000
135600
133901
131499
131400
141399
133300
138800
132800
204000
135000
173000
131399
138000
139500
142901
169399
142500
134400
130300
136301
132800
133000
112601
114501
109101
134100
116401
105800
106600
99400
101999
100400
106900
111700
153300
126999
116600
107100
105200
345300
104301
110200
102799
112199
109700
121500
119300
102299
101499
110799
108200
105499
104000
106900
116200
108700
103100
100900
106101
102200
103500
104900
105900
103701
106800
104200
102400
114999
104100
103101
102999
112199
154400
114700
104400
167100
108600
104801
106400
105201
104800
106500
108900
107501
105300
104699
106200
105699
104400
104600
110800
112000
106100
106200
104899
106400
110900
107500
106200
105299
118200
105800
105500
108199
109000
108100
107300
106900
117601
147599
120800
106000
107500
112200
107600
109301
141499
124000
133000
118100
144200
116299
111100
112400
123800
110001
199700
129699
114099
117600
110101
110399
110500
109700
115600
109900
115701
161500
119500
114301
110600
111601
113501
122300
120300
122400
125099
128199
125599
112699
111199
109500
113400
126801
125601
132801
121400
115300
114101
116100
116099
126699
130300
114200
121600
126300
114299
113399
117400
121300
120400
119801
333000
133600
114201
115300
115599
121400
114301
115000
123900
117501
117899
116100
117801
115600
114999
114599
115800
120800
123700
116900
127700
117199
183500
116599
148700
120301
128699
120200
119001
119500
119401
194100
118400
118199
135100
124000
119201
117099
120600
116701
116599
118100
122700
118700
121800
118400
116901
116500
120000
118001
121700
118601
117100
127099
118000
118001
120000
122400
129099
150600
126700
130600
122600
121600
124100
119100
121901
131900
125399
123100
124500
121399
121700
120600
119400
122600
132601
130499
125600
125800
119900
120500
120400
133000
179399
138800
139600
133399
122400
120700
125501
130800
163100
145600
134301
125800
121900
123100
126001
137100
134000
124499
136700
131200
127500
123399
130099
129300
125001
131700
130301
123100
123700
124999
129999
124499
125800
135500
135301
124000
124100
396900
125899
126499
127399
141499
127199
126899
127599
127199
131000
128801
126501
132801
179800
136101
131900
128100
149801
127800
136200
130999
127900
128700
128701
125700
136600
126599
133500
129400
130799
132500
127801
125301
135301
141400
129600
126300
125400
129100
127900
126600
130599
135000
130500
130399
126599
131000
130601
136700
143601
184100
139001
132500
149899
145400
127601
132200
139100
152800
128100
127300
129100
129799
143799
131000
141700
166799
177801
171400
145300
134600
131401
130400
136700
140000
143700
130800
133300
137100
130300
141700
146100
156400
144601
131100
133600
137600
184000
147301
154600
163800
139700
134501
134500
163201
146400
138100
192401
180300
135000
143500
174299
159900
138600
143200
146801
134500
139099
136900
148900
137000
137400
146099
137100
146999
136500
133200
143701
140700
141101
133601
133399
139299
132700
134401
138600
144500
136400
138200
138400
133300
134899
143999
147300
134699
135300
137700
139000
143900
139601
152500
168700
159000
136800
139600
136699
135400
144600
146600
136901
137100
140400
138200
138000
147200
157400
142000
137100
139801
147001
144200
184600
145499
145100
140601
143501
147000
152400
164100
143600
144300
137700
136199
147400
139900
147600
142900
144701
145500
138100
140300
161300
143499
156900
147800
145900
145799
146500
145000
166900
159201
184300
168500
143899
142099
145200
170201
165101
164500
167000
142099
142300
156901
163601
141201
160501
155500
147299
142401
151599
145800
148300
147200
193300
198500
197200
192199
184000
200900
201100
192800
191401
197800
198200
192100
197500
197900
203301
196199
193600
168300
148799
169700
160199
150600
153700
156600
151800
167399
147401
154800
158100
154300
152100
145000
169500
155900
158499
154400
146800
157400
159000
151100
146200
148700
147100
147500
166801
159800
161000
148700
150301
163900
189700
215300
211700
206599
200601
202801
196400
198500
194100
197900
207800
196199
211301
206200
207201
210500
218800
218999
201599
204001
191200
197600
218000
222500
177899
150800
159099
151500
180700
161201
162199
168500
152500
157400
163100
151400
158099
173300
149301
151800
162100
149500
150899
158001
155501
152800
150800
151400
149901
156799
158699
152800
153100
153000
156400
149700
159101
162000
153500
155500
157500
159099
164701
163100
162101
189200
177701
159299
154900
164001
157200
163100
155201
154601
158501
160500
154400
162799
167100
153300
162200
156201
157301
163200
169500
197200
191399
174900
193299
161500
154900
160200
158400
167700
192999
165201
154100
162599
160701
158700
194000
228800
218900
209600
212699
211801
206700
196300
179401
193900
166000
167100
157700
169500
199800
178399
166100
169900
168300
175700
185000
184500
175699
158201
164001
173099
165601
168300
176099
159300
158101
169700
163200
167100
181200
162399
163500
167200
163201
178100
168200
179901
164600
162699
166600
162400
166900
168499
162700
161800
161000
163299
173399
161201
168700
194000
186500
177800
175500
167600
168600
168700
173499
1710100
144300
137800
138000
148701
145299
147500
150799
135400
135700
151899
137100
136400
136800
137700
137700
135800
140600
136600
138300
137500
136301
138300
140800
136100
135799
139599
136900
135600
140000
135999
136200
136100
137500
135499
135400
139000
141100
136300
148199
169599
168700
151400
137400
136900
145201
137300
136800
136900
136900
141999
137900
141300
137900
138500
141500
138500
143700
141500
137000
138400
141500
139200
138600
141801
140100
138900
139300
138900
136500
137200
137500
150400
140500
141900
137900
140000
146400
139299
138400
138200
138000
138600
141900
140500
137600
139201
139901
139600
143801
138600
147501
139600
139000
141900
145499
138800
143300
139100
147801
144499
139999
153899
140000
139700
141001
139500
139800
145400
139900
143200
141500
139400
139800
143700
144299
140499
144201
139900
139900
140500
140900
140400
147999
139900
139200
141699
140799
143599
146501
141000
141000
142500
141200
141099
147700
143800
155400
149100
189000
173999
186599
173101
171900
173900
141400
146600
145500
142300
142599
147000
143000
144499
146500
144000
143100
148900
145700
149500
144600
146899
143901
149899
143700
146001
150300
147500
146000
150201
146600
146300
147400
147801
162500
149800
145000
145501
152200
148299
146000
150299
148800
146799
151900
149400
146000
147401
146399
146001
150000
152500
148900
148799
150301
150600
152300
148200
150900
149400
149501
151000
153900
151300
152199
149601
150000
150199
153600
168800
155899
153499
161800
153900
150000
151200
152300
147500
148800
152900
149501
153400
153100
150600
150700
154901
152100
157099
154000
152201
151600
153600
152600
152600
155900
150999
152900
152900
152200
154400
170100
157400
154100
153400
155300
157701
157401
154200
153000
153900
155400
155000
162900
154700
154100
153600
152000
159400
161101
155900
154900
155200
155000
160999
160701
156600
155300
157500
158399
158201
156100
155700
160899
156001
163901
157999
155600
156701
159900
155800
160900
158201
155700
158800
156200
155799
159600
157900
158200
161500
157901
160700
189901
158100
157700
158700
158600
167000
158899
159901
172000
161700
161500
165600
158500
158599
161901
159000
164200
160199
159401
159600
161400
159100
161599
160001
160900
160500
158999
163501
163100
159801
160699
159800
158000
163500
162001
159399
158501
158700
163100
165400
160600
162300
162200
161100
166900
164000
160600
173199
174700
169300
160199
171000
162101
162800
170200
161900
165100
161899
160701
161799
163601
160899
171901
161200
161100
162400
161200
163899
166200
162201
162000
163300
163900
181100
161500
161600
163599
163001
166200
172200
179500
166200
163300
162200
181100
167600
162601
162800
162100
175800
170200
162799
165601
162100
174000
162600
169101
164801
162100
163899
168700
170901
164999
165000
174099
168900
166301
166100
168200
165800
164399
165201
168000
169200
164700
165800
165300
168501
168400
165801
168100
168100
165000
178500
168100
168800
168600
170401
175500
193000
194800
174100
167700
185700
240299
200901
191000
185799
173901
181400
166300
169900
169600
168400
177299
171101
170100
171700
170800
197900
170300
169800
172399
169100
178901
169800
168400
170500
170799
174501
173300
170099
172100
171701
171700
171800
168400
170799
169800
175201
175099
170200
170101
169600
173000
172500
171701
175700
171599
176000
171000
179700
175600
172699
199601
172200
175099
193001
172200
184200
173700
177300
173400
171800
177399
172201
179199
175001
173300
178200
172900
174900
177501
174199
181700
173101
175000
184700
177700
180900
174000
176000
187500
175099
176501
173400
174000
192599
175001
202200
174900
174400
182100
174199
175301
174000
176700
188400
176500
177100
175500
185400
179700
175799
176500
177800
181500
178100
193101
177500
175800
185200
178300
184100
176399
177901
182700
177500
210699
175701
178900
203200
200000
233501
217300
192700
197100
183400
179799
178101
184000
178801
189000
180299
180101
187399
180601
188500
180699
180001
184300
177200
188800
182200
181500
182000
180100
184400
179800
178899
180501
179600
198500
179100
182300
181100
180499
186101
178999
245000
244900
484099
277200
238900
241099
242399
259100
480001
291400
237900
238700
250000
239600
238300
237201
244600
241400
236301
240501
236100
246800
237599
236601
243700
235500
244201
241401
248899
236001
236299
246801
245700
244500
240599
244000
241099
245300
252001
242800
465799
283699
240301
247399
249301
248900
238200
239899
243800
241301
239200
240200
243700
244900
241900
240899
251401
241800
248500
240000
247000
240600
238499
247200
238299
245800
240699
245500
240499
243001
240501
246900
246800
243500
247401
242100
241199
243300
242800
249101
246200
245000
242500
250799
244500
246901
246400
263100
285000
187599
190701
186300
186500
197001
188000
187500
187200
195801
188299
188400
192399
192800
194000
194800
191299
189501
192799
204501
189899
190301
190999
195401
194200
190799
192300
191200
194700
192799
192201
189999
197900
191000
194300
194800
192899
198300
194501
227300
240401
214600
193301
199000
191700
194099
196199
194401
1433800
200999
202201
206800
195201
196300
196000
219899
206500
198700
200200
195499
208601
193200
196300
195600
198900
198400
194700
267200
203101
211000
215900
216300
195900
259500
194700
444100
194000
195100
200000
194400
198300
196300
198000
195199
194899
208901
197200
205300
193399
197500
204401
200800
195400
263400
289300
205500
194900
200400
200400
222700
197199
196599
206201
208300
200800
195300
205899
196699
199100
194999
199900
195299
202801
199000
198500
201500
232100
199500
198200
201800
198500
198800
196701
198001
201301
201400
199900
197100
273900
221601
209900
196600
197600
197200
204900
199100
206201
271300
261500
211401
199000
199701
199800
208099
271099
199000
205301
203199
450201
198500
208900
198400
201700
200100
202201
202500
197400
200000
199200
202801
198900
199000
250800
201700
206100
201400
280899
205900
240500
199900
207000
225900
221799
199801
199900
198300
205599
204000
206099
199700
199200
203500
201401
199900
200000
202000
207400
205201
206399
204100
205900
207000
201000
203000
200400
206301
200200
201699
254200
201501
208300
201201
203400
200000
234301
201000
201799
201701
208599
201700
202000
200799
204001
201500
201599
204001
201100
209600
202299
206801
201300
444100
199700
206999
201701
212100
202900
209000
202400
205901
204899
208500
249101
208899
212099
209399
202301
209900
207299
352000
204000
211101
206201
208200
204100
207300
230100
215300
204901
209400
206500
211401
204401
211900
205399
213500
203900
212300
203999
214200
210900
206300
206901
209100
208099
208200
207601
244900
209600
205901
207000
205500
210000
213100
206500
207499
212300
208899
207801
207000
211100
209600
209399
254699
209901
207901
209300
206199
211299
205800
210300
209800
211400
420200
211900
209799
209599
210699
214100
211399
207700
253201
214400
216100
212500
211000
222699
225099
210999
211799
291300
217500
209400
210500
210900
218599
209601
210601
210401
217799
209099
211799
211799
216300
210400
210400
262300
215000
211601
215300
212900
216400
213000
217000
211900
212200
212700
216499
211600
212500
213200
218499
217100
214200
216699
212700
215200
214200
216300
213700
217300
214800
218499
216000
218000
213200
218700
215200
217301
214000
261500
215501
218900
215301
222799
215100
219900
215000
220400
218501
234200
212901
222701
253100
219499
216700
218000
214300
283600
284401
215600
224601
218101
222000
215501
227500
218600
226001
216701
227200
217800
221900
214400
222300
224100
218300
217999
218500
226600
266601
257300
217699
236500
216899
226399
219300
227100
218801
226800
217700
226701
222101
225500
226700
253200
226700
217500
227000
218300
230500
217401
224099
219800
231399
257299
225899
220200
222100
219599
227299
451500
223201
220101
218401
224600
218700
226001
217901
284300
218500
223000
218599
227599
218500
221500
221199
291900
218999
222901
219601
228500
220199
221600
219101
226400
220599
269199
220900
229999
218900
222900
220699
235000
219700
228100
221299
228100
222699
226699
228200
223900
230600
222000
230000
220500
224500
220300
228000
221700
232100
222400
222800
223401
227700
229700
220900
230100
224899
229700
269499
231900
226201
267301
230199
220400
275200
618499
254700
247100
273200
259100
261300
255401
257901
279100
238700
278499
264900
248200
271700
324301
226900
232700
231101
224199
303700
223500
229700
225500
233900
223499
232000
225500
230100
231101
224499
232700
228400
226701
225000
267101
227000
226201
227001
232000
228900
225501
230900
231000
239800
268700
232100
226901
233900
228000
229300
230500
232399
226999
229300
229200
232601
228800
231399
238000
230301
233600
227001
464300
229800
230201
236699
232300
229200
236901
232799
236800
230100
229600
245699
280400
238900
233699
241600
298999
234600
239601
229900
239199
230100
244800
232099
238699
232900
235300
240600
232200
234901
235199
238400
231800
1570000
233199
242900
236599
238300
284001
239901
243301
237200
234001
238800
280000
237300
233101
237899
237600
233400
238100
234999
248800
235601
243300
235600
238299
235000
456900
235100
240401
243601
238400
235100
235201
239800
244900
238300
237900
240700
239800
240600
236900
239200
323800
237701
240200
236700
454700
237801
274800
236900
243501
237000
296301
242700
236200
237500
251499
243300
239499
239399
243900
245400
240301
239701
245300
291000
240900
244900
247000
239000
242600
299400
242300
248900
240500
250200
239100
246901
244000
279101
246700
240200
260700
238800
246500
247200
243200
481200
239700
245900
240200
240401
247501
243400
288900
241301
254101
240701
242900
241899
255200
240800
315300
243600
248799
243500
242100
248299
243100
243700
241900
261600
242200
243200
246699
247900
243500
242600
246200
242300
248901
243800
277899
247200
243400
244199
248500
247701
242900
246600
241900
289200
244000
250901
250701
244600
243600
278600
255201
247701
245400
247400
242400
244400
247601
246700
241501
242800
248600
242001
245301
242000
243900
243101
244400
243800
246400
244600
242300
246799
243400
252299
245400
245100
251000
243601
244400
253399
243600
246700
244000
245700
244600
243200
247900
245300
246900
248201
245900
245701
245000
246699
250100
246401
247100
244900
249500
246400
245500
251901
246899
248400
245100
251200
248900
246299
248000
256700
250201
248499
249900
248101
248000
247700
252700
251099
250100
247600
256300
249701
249099
252100
250900
248901
249599
249800
249601
249499
250100
250001
249800
251399
249000
277701
250599
249000
257101
250100
251601
251900
251899
255800
250399
255699
252499
248500
250301
250600
255300
248699
250300
253501
251501
251800
251999
254299
252699
253299
255799
253099
252999
252100
261800
253800
252100
260200
257901
252400
255000
256999
254199
251499
254199
252999
256099
256300
257400
253300
257900
253201
258500
253000
255799
255899
253199
280000
254300
252500
255101
256000
256099
254099
253399
253599
260700
253400
256700
253601
256001
254500
255400
254100
254799
257300
255400
255200
255100
256101
256501
256399
255699
257800
261399
254600
260800
255001
257400
256499
256800
257200
255701
264601
303000
270199
261300
263700
256100
258700
259100
259200
259000
258199
260600
259900
266200
265500
259300
262600
265301
266200
264100
259200
261400
259099
264900
262700
260900
262400
260400
260700
260400
259100
261900
263600
257601
261400
264400
257801
261700
261699
261700
263301
261400
264100
260599
261600
261900
263499
264900
262500
265300
264199
264400
263100
264601
264199
262800
263000
332100
262401
267700
268600
263500
269599
269199
263600
265601
262299
271400
265999
262800
266000
269400
269400
265500
262801
267300
263099
266900
268300
266900
265700
268201
266101
264400
262500
272699
265699
265000
266200
265501
265900
266299
267300
266399
265200
269099
269299
265000
268700
265300
264900
268301
269001
268601
266201
268301
267501
269100
266901
288600
272799
264000
269100
268000
263700
267001
266601
264900
267499
266199
267099
266099
266000
273300
267100
266999
272000
265300
264599
271700
266999
267699
268699
267199
268599
272700
269600
268301
266301
268401
273501
268200
269299
269699
268299
269700
270800
269000
275699
269699
272400
271600
268501
271901
270199
275100
1593801
279401
284200
293299
284900
273901
296600
274900
282299
276900
280300
276800
277400
298299
276700
275200
291000
276600
276800
285999
276000
276201
276501
281301
284200
286101
289700
288300
275400
291000
285600
275900
290600
283300
279199
287000
294299
276800
284500
289600
281400
284000
287400
285899
338200
286399
303200
325500
285400
284599
284600
294399
285800
283600
275200
288800
288600
278901
284000
289300
277200
305300
285099
286900
298001
286001
291300
299301
290100
277200
279901
298800
286701
284200
292700
286501
290200
295600
278200
285499
300700
278699
299900
287900
278700
345900
322600
280600
286499
282300
283299
291300
291701
284900
290300
291200
288500
310000
303900
294699
285200
288600
323700
288801
288200
285400
292299
280200
287400
301800
280601
282600
286301
284800
283700
289000
281900
282200
296000
282100
307000
279300
282101
287001
281200
284900
285699
280900
289400
290999
286700
293599
283999
296299
296899
280499
287900
284000
285700
291101
285400
321899
340100
335700
300300
302301
301399
303600
314801
384200
392299
396700
424399
410300
424900
398200
328899
282399
291300
298701
298200
287899
287500
291300
292100
293600
298300
291700
293901
293699
290200
290800
290500
288799
289100
287400
288400
289900
295800
302899
291400
287800
294499
296499
294500
393000
394701
304500
342200
291600
306499
309900
303300
329300
382200
394899
391101
344399
364300
294400
289800
307900
296399
300000
296500
290200
295299
288700
292300
321300
287701
305200
294001
288900
307200
297600
288700
307200
297200
294600
305000
302000
294501
303500
294800
293600
300201
292000
291799
305800
288099
297299
307300
294100
304600
299000
288901
293000
301999
298101
297001
299101
302899
297599
300800
312600
311500
294401
435600
398400
409700
409901
412200
396500
398600
415800
399001
406800
410201
414200
407900
395300
417601
407401
373100
320000
292901
294699
303300
291801
296700
290800
294300
296100
299100
301300
301100
295200
303400
299900
337100
317800
307100
293099
301800
390001
291900
305800
310100
293300
303599
326800
401900
327901
305500
305000
299600
297800
307700
297500
300799
302700
297301
300801
299499
294700
297199
300100
294899
298100
296900
296900
297400
296500
295800
296100
297500
299400
297301
296100
301301
298099
298199
301300
296601
296500
310499
297499
312699
314200
301101
316699
404100
366100
318200
309200
337800
312501
308901
302500
302799
306000
302900
301100
308000
309901
301100
306600
314400
311000
301999
312099
299800
298501
308501
306799
314500
299200
306900
320500
347499
365799
318901
316800
297501
326401
317499
300801
306800
303399
303600
301500
301500
300401
379399
298600
315201
317099
330500
306800
303800
299799
309799
301000
299100
308501
307699
310499
307900
308700
309600
302799
311399
309900
306500
311600
308800
307001
315300
298301
302699
308799
304200
347201
429200
421999
417999
406400
313201
311400
306500
306800
319100
298200
1931499
327900
311601
307000
316600
314900
374299
388000
365399
539499
313900
314501
314200
304000
316600
317400
304400
311899
311499
306900
305100
387501
309000
306500
442700
310100
326800
304400
315200
319900
305500
306900
318200
318600
303200
313601
310401
314801
308900
313400
305800
320200
312800
307099
317500
325801
354500
408800
318200
316100
309000
394700
327901
316699
304400
323400
565800
317800
311300
354400
358500
387499
421801
321000
325699
307300
318900
446900
319600
313499
311900
316200
315600
309800
316400
319800
312099
308000
316800
314300
314400
311600
313499
316600
319201
309100
310100
319000
315501
310100
314999
320100
362499
312700
310501
407101
345300
311400
323500
320500
320800
317500
543901
321800
311701
313400
313999
324899
314400
393101
311200
319600
313800
318300
413701
319701
324600
325400
362700
324500
326900
356200
324400
314600
322200
343300
316201
322899
323900
320700
319500
321100
355599
335600
327700
316401
318600
324999
324599
317000
326900
326300
326499
320300
320100
333401
318100
319001
358099
543400
317601
329400
321600
323800
315800
320199
325499
319801
321800
322000
410000
323600
320300
321800
388400
325000
324500
335899
334801
328499
328800
325401
320700
322800
324999
318600
319500
375200
326700
329899
327501
327300
342800
333900
318200
327501
328400
326800
323000
321800
327900
328799
408200
321600
323800
550300
331200
329501
326700
325300
328100
329399
323300
325600
333200
325501
392900
329900
330201
323800
333900
329500
351100
326400
326099
346500
345300
342200
335300
326400
324000
323899
322800
340601
327301
330100
336800
343099
334500
334300
392901
320800
328700
339500
330400
329900
333900
334700
365600
330700
556401
343300
334800
339800
330900
327499
398700
333900
332099
330700
326101
406800
331600
332601
327199
336100
332900
380300
339199
337100
322900
324401
336400
332701
332300
329000
339300
333199
395200
439500
453800
462699
531801
427500
330799
337400
328500
336400
333300
325800
340800
337100
332199
549001
326599
335400
335200
346200
327500
335900
337800
333101
326399
341599
408900
325000
339000
336500
339400
326400
330000
339200
334600
327500
340400
328199
327800
332899
332300
383000
334099
332600
332699
332100
329999
334100
333000
339801
340301
329699
338899
334900
337100
331799
333000
336500
350000
343399
610200
341299
359800
329900
346700
348001
339000
346500
382200
336500
340699
415501
339700
338000
343600
334300
336300
335100
335401
330700
334900
338200
336000
397300
445100
337800
337800
339000
335700
341400
334600
339101
342600
336000
380499
341100
336400
345200
337700
347801
338200
334500
340600
1854500
339500
348499
414099
338799
335300
340100
341300
409400
341400
349300
352400
350499
335100
338300
345600
345701
373199
339999
342900
358401
343299
348800
393700
464600
479001
468399
365400
344501
350700
340201
334399
350800
344900
419401
348600
345100
337200
351700
624100
348700
345700
338200
341500
343100
341700
345100
379299
348901
345900
412200
347501
344899
342501
418500
346699
353299
592699
497001
435699
453699
372901
342200
362400
393299
464899
387101
478800
461400
462000
341999
341801
365700
347701
361800
395400
340901
392899
339299
339199
350000
345900
342701
342400
346400
346300
339000
348300
342700
346100
343799
346500
348399
344201
343900
354300
342199
346000
346500
345101
357000
349000
342400
348800
355100
366700
346700
347500
395500
435601
443300
437999
460201
452001
455000
451000
483100
396500
448700
449100
446599
461099
437300
455300
437001
460300
458900
470700
460600
454700
468000
476599
479601
468299
482801
459900
448799
477401
476501
453000
464900
474600
456200
447200
453099
455001
477499
461900
462801
466200
456900
449999
470701
478299
470401
465700
468901
480700
454899
459901
525701
357000
365100
372500
355500
347400
353600
353000
350900
353800
356700
352600
346699
346100
350500
354900
350700
388701
390999
345401
367300
349500
346700
350900
352500
356100
349200
350200
350999
351300
347000
347600
350199
351700
349400
355300
352900
348600
358300
350500
353800
389799
350600
356900
350700
353200
351200
349900
363000
350499
354100
353801
351300
356401
350300
351100
351500
351900
351100
359599
352899
358300
352800
354300
356600
351000
358300
352300
354399
356701
355900
357100
358399
353900
356501
351100
355401
360900
354099
359400
350600
350900
360001
356500
357899
359001
358900
360100
353000
357901
364200
356200
358700
358400
353201
359800
359199
356701
362100
359400
363599
357600
356400
356600
355600
363900
358899
357700
360401
355400
361700
363499
359101
361899
355499
358901
363300
359901
359799
356201
360100
361900
359500
379900
360999
373601
357500
361300
364499
356601
364899
358701
353800
363700
361501
359299
358101
358200
356799
358501
360399
365300
360400
359500
360800
357801
359899
364501
363700
361699
359101
360999
365101
361700
363300
361799
363300
361400
362800
359000
359200
359099
369701
362700
394900
360200
362500
358800
359000
365700
362300
361499
366301
361700
365900
367600
1941900
369400
367000
361500
366300
360599
365100
368100
364900
362400
365100
365500
365301
365000
364900
363800
362700
369599
366900
364300
365000
365700
371300
362900
381700
367600
366100
366700
364201
366200
368200
365800
366500
365900
373000
369999
365701
367400
365900
364100
370700
364300
369100
363400
367000
373101
368300
366800
368300
368100
365100
366100
368900
363200
367500
366400
364999
368200
373801
398300
368000
366300
371400
370599
374300
371600
368800
373099
365300
368599
372501
368700
369600
365200
366600
373100
368700
371699
371101
369500
370500
369000
370399
366900
369401
371200
370200
367600
373799
372901
369600
368900
373299
369601
370300
367800
368000
402500
365800
369400
367000
368000
366400
367800
385699
376301
365400
374101
366200
367800
374400
368700
365900
368299
372601
373100
369000
374500
368400
369200
377900
371900
369500
370300
374301
371800
369300
370199
372300
372200
370699
372301
376799
372301
408699
374701
376300
375400
373900
376300
374800
375600
375700
370400
443900
473800
519001
500401
460799
487100
482901
502700
490700
585399
838500
829400
594399
380000
392201
378700
383500
377500
377400
382000
374701
381800
374399
376501
380900
375299
376301
375800
378800
376700
377300
374799
374501
408400
377699
385401
376199
374700
375999
377801
378000
377000
374300
378600
377499
377101
378300
376900
375799
383900
378501
378200
381400
375599
376800
380100
381300
383900
377200
376899
382200
378499
377001
378300
377499
380000
382100
383600
378801
378400
374499
374700
377900
383000
380000
379399
383901
380900
379299
380301
380800
379600
378100
383200
386600
379200
385800
377701
381300
381900
382400
388899
387900
384400
386099
392801
385799
383300
383900
382600
380500
382600
380200
380599
379700
386401
385000
384100
385900
385199
380900
415901
377999
382000
385201
382500
383600
384200
383600
380400
381800
377400
382200
384900
382100
379900
378099
381299
378701
387900
389200
383400
386300
385100
379500
382100
386700
381800
383200
381600
380700
387099
382800
379901
383899
385901
384500
384200
386099
405701
402299
390201
379500
383300
382200
384500
383500
382799
382600
385601
384500
386500
383100
381100
378800
385300
390700
387800
384999
381699
388400
2747000
493699
478100
469500
478501
474400
480800
480400
472100
491000
485600
472800
476599
478800
507099
520700
506501
550900
507400
526100
482100
472000
468600
472500
473700
472800
474800
481699
473000
475300
471901
472300
473200
472000
476100
475500
476400
480600
474600
481100
477200
476899
477400
483900
473400
493601
474800
479001
479499
543199
506500
530200
546401
520100
531600
481600
477501
475600
475900
473300
478999
478700
481900
478999
482799
478800
479201
476900
478301
478899
487399
484099
488700
481700
491700
478600
485900
486600
514600
479099
498999
484599
488300
486100
516000
533900
529699
559400
527500
529200
482899
481999
480000
483301
483200
485800
481300
486600
487400
484800
486100
490500
482799
417600
395200
396600
397100
402899
395400
398801
398400
397300
396600
400200
397200
400199
400201
396000
399500
396300
397100
397700
401199
402701
398800
407500
397000
400900
402300
400200
402400
404501
403300
401901
406899
402401
408400
405900
406001
409200
401700
409401
402799
401600
405800
405000
405901
403699
410200
403401
406400
402400
410900
411300
409300
405100
404100
407000
405800
405299
406800
413199
408601
409700
408500
407700
408299
408199
407100
414100
403401
415800
408900
420400
405999
418401
410300
411300
404799
408501
407101
407100
407199
406200
411000
406900
410800
408600
408400
409199
408501
416601
409199
417300
411800
415999
413000
413700
408400
409399
413500
407399
407700
411301
410601
411401
407901
415399
407400
427500
426300
410600
406400
409900
412400
404300
405000
407300
412100
411000
410700
404900
409100
408599
404800
407801
403399
409699
404100
409000
406300
409099
407999
407800
408001
408800
412800
410200
415599
412400
412000
411300
410500
416500
408900
414200
408401
408300
407300
416200
406900
404599
410299
407500
407401
408800
411200
409700
409800
409500
408500
418200
408901
416799
412500
412400
410200
414100
417299
412200
413700
410700
415300
409901
415401
412800
409800
417799
408999
413101
410900
414200
432999
420500
415601
416500
415800
416101
412900
410500
412400
409000
415899
414100
412900
414500
410700
412800
412100
416700
411300
414700
415001
410200
415500
412700
442000
416201
411800
426500
424000
413800
417499
415201
416900
416499
413000
418100
413800
417300
412500
418700
410400
416900
419200
414200
419800
415000
423300
413400
415899
418400
416399
421200
416900
418700
415199
420000
416901
419399
416101
416500
417000
416400
424900
422600
419099
419401
416699
417700
421000
419700
418701
424600
1980300
423799
416500
420400
414000
416499
418901
414400
424901
417501
417800
421001
417899
421900
416701
420500
420199
422700
419901
430000
418901
422900
418299
423100
421501
424600
420701
428400
419901
419799
421100
420501
421100
423400
420800
419101
418199
426799
421999
421901
421500
429300
420801
423700
420699
425699
427500
423900
424900
424500
422300
419300
433001
422300
425700
422500
426600
422400
430600
423500
431199
424501
423501
430901
424900
441300
430900
424201
422301
428500
426000
424299
424900
423901
425101
424401
426100
424001
429701
425200
427100
424200
429600
424200
425500
430000
425400
427600
421800
428000
423300
428900
424300
431899
425099
426700
429100
426000
432699
425100
428400
427300
428400
428200
436000
427400
433201
428300
428900
430500
430400
424401
428100
433300
431299
433000
428700
441001
431401
433000
425001
429900
430500
434200
429100
431899
433200
429300
431501
431900
431501
431900
431701
430500
436600
432900
427200
429100
430100
429600
428400
433400
431101
431700
431601
436999
429200
431700
429400
440599
432300
435200
429600
426201
436701
429200
432700
428300
437301
433100
434700
430801
436499
431500
445699
431500
437500
430500
434801
436000
430700
438001
434000
436099
433400
435500
430200
437401
433500
434799
433400
439200
433599
433600
435901
433999
438500
436099
435800
434101
440200
436400
436399
433200
439800
434500
436499
435200
435001
433499
439999
437099
434500
437100
436900
440300
432300
437701
434601
443700
434401
438300
436500
442600
436900
439800
435799
439199
437800
436899
438899
438099
443200
437500
438099
436699
445700
437800
438200
437900
443400
436100
446600
435801
437500
436600
442400
441601
442199
442600
441200
443600
438901
446601
439700
447800
439301
446401
441300
444900
444300
448600
442600
444700
441500
445700
442099
444400
441400
444300
444100
446299
447300
444600
442600
442700
449599
443800
452200
445600
501201
441099
443300
439600
451800
442100
484900
448499
450300
447101
444100
444200
449800
452701
449601
448899
451800
443100
447801
454200
452399
452899
452499
449100
444000
449300
444501
444600
445999
451900
455299
445500
450800
467199
452699
456400
450599
464400
450100
454600
449999
452099
454500
460100
446999
457400
455700
458900
452901
456501
448500
456400
449001
449499
443800
456200
452400
453400
452701
453300
451701
455201
2091401
444900
458000
450200
448001
446000
446501
443400
443800
451800
450501
448701
446500
448200
446699
448600
446301
455700
452700
453700
450199
449500
449700
450300
448199
453699
446700
452000
446200
454199
448400
450701
447599
459100
448999
460100
449200
454100
449699
453799
453299
451200
452000
451701
450401
451300
450199
452299
448000
447901
455600
450500
455700
452000
456900
460000
452700
449000
457900
455799
452899
448600
454901
450400
462201
451700
454600
453100
455900
452600
456400
454100
454801
451701
457900
451200
453801
453801
454301
454100
456799
451799
456500
450799
454200
457300
456900
450501
453900
455400
455601
450600
458300
451799
457900
455800
454800
455700
457201
457600
455200
457600
451700
461101
457800
456501
456399
455600
457500
460399
455699
458500
454800
457700
453900
455999
455299
459900
454501
462101
454800
456800
454601
455099
458500
464699
455200
458500
454701
459600
456200
483800
453600
458900
452301
460801
457500
458600
460500
463699
458800
458200
455801
457300
457500
462199
456400
457100
457300
458700
455800
458700
461300
462299
454000
496199
465000
463200
458700
459600
461399
460000
457300
479701
459500
464500
461501
461200
457299
462700
458000
462300
463901
458300
457300
457500
465500
461899
464500
461801
462899
462500
458700
462600
467101
469801
459200
462700
461900
461999
460400
461399
463300
461101
468600
479999
461000
460200
466099
463400
462001
464399
461200
463501
458300
462601
460500
459300
465499
463500
462501
462799
468499
462300
464401
493399
465799
463500
468200
464900
464901
468400
466000
468900
463800
463000
465200
464201
463801
462999
472800
466600
469300
466301
468701
467101
463201
467000
465900
467800
464499
470699
469600
464499
464800
470299
465999
468299
466399
469099
463300
468400
464700
465901
465301
471200
464801
468000
464101
465399
464101
467600
468100
466100
468100
469200
465900
470700
467401
470401
462001
468800
470600
471001
468800
471399
466599
469000
468100
470200
468100
472901
463900
471201
469699
470800
467600
469900
468801
468001
469701
468899
471200
471800
470601
472199
470600
468100
469600
469101
470901
472300
469600
470600
477101
467900
466900
475100
473400
471300
469201
468101
473300
471000
2142000
476500
469501
479300
469601
482100
467600
477100
470000
475701
467300
472600
465801
473700
472800
474800
472299
478800
471799
471400
467100
476799
471900
478200
475700
474200
474600
476400
474000
473300
471700
472101
473100
477899
475400
471201
475200
479900
474400
476601
472000
469001
475300
472200
472900
473300
480400
473800
479200
473200
475400
474000
477000
472400
479799
474200
475001
473700
477701
470800
474900
480699
474000
475000
475700
477200
477199
475900
480000
477101
473200
479301
477299
476000
479400
480801
473500
475900
473301
476800
474500
474300
477201
478399
476600
483200
477000
479501
479200
484100
475700
478500
478801
485801
480800
478800
477701
480000
509899
653200
632000
630801
623700
631600
630601
629999
627400
627600
631599
629399
628799
630700
631500
873201
1082300
803400
478601
475500
478200
480901
479601
480200
481700
487900
483700
479300
485500
481500
482999
479300
483700
479300
486999
478600
487700
482000
484700
484800
482900
483400
481200
484499
501700
490100
481000
481800
487200
486700
497001
491000
491300
483600
482500
482500
485101
489100
485800
486101
481600
483699
484600
484000
486600
489000
487100
483601
485300
483199
488000
484701
485000
483099
486900
492899
485600
485300
488100
486700
485801
488200
491799
489300
487101
491200
488200
489300
484700
484699
485900
488900
490000
484800
488700
490900
483799
481999
490700
491300
491700
486500
486801
491100
487900
489100
487901
493500
491700
491499
491500
491900
490700
489900
494400
487000
511599
494499
498299
549100
491900
498901
493600
489400
488800
493001
494199
497600
495401
495600
491699
494599
491700
487799
494599
492400
494000
494901
491701
492700
493400
493100
544501
487099
490000
492400
511601
496101
495001
492101
490300
491600
489100
494100
493500
489800
491500
493600
492200
497701
493600
497201
491101
493599
495799
493800
491200
492501
490300
495100
496500
496800
496500
494900
497699
495500
493700
494600
497600
493600
495101
495501
493701
494100
495800
492999
498800
497200
496700
496401
495501
498401
494500
494201
500801
495600
493900
492401
499600
2279500
533900
717400
519400
492100
498700
496100
507200
515100
502700
504400
499899
551100
499700
503100
505900
501200
508401
496800
528100
500900
506000
510200
500900
493399
506000
507800
509201
494800
494000
496201
507501
825200
553600
540600
619500
529799
524799
535200
533400
547901
536200
504600
512200
500400
499400
523300
509400
501699
509200
511700
509199
533500
522600
533400
510699
510999
502300
501001
517499
526099
734500
506900
513999
507900
558099
515600
508301
511200
512300
504600
516800
589701
523500
524000
506600
505600
510899
499600
514900
508701
511900
514201
562199
500100
510601
512901
506400
522700
499901
750600
507801
513100
506199
508500
509800
509500
506400
510100
507999
507200
519200
507001
502500
516999
510499
509800
552300
513099
504900
528300
513299
511899
513600
506499
510200
518600
514601
513300
503400
689401
503800
560099
517000
520700
535000
512400
506400
517600
522699
514900
512600
508301
509300
517001
513399
511799
522500
517800
518801
512399
514000
512300
516799
514800
526301
518000
515600
516901
527399
753899
518100
522701
508101
523599
528900
520500
524399
507499
519200
548299
521100
515500
506400
514700
516600
559999
522399
517300
513001
518700
515301
520400
531001
510400
558499
522400
521200
536201
743300
509601
509201
511700
524001
516900
510200
504800
514200
512500
518200
514700
514301
560499
513400
521799
520000
526500
517600
521299
514700
510601
522301
512200
512501
507800
508800
511700
514000
791100
516800
557500
505800
519100
526899
523499
524300
526800
515601
512300
517400
532100
534300
750000
1155200
515301
514999
514000
512700
521801
514400
511600
516399
512200
518400
512899
513800
520300
516800
513801
513300
518800
513000
511600
513899
516900
515999
514000
515201
515999
515900
511601
514599
519900
516499
516500
512101
518900
605701
513699
513200
520801
514900
514800
515300
514901
515799
512600
516601
517200
511100
516601
515999
517700
513200
515200
517100
522000
513801
519700
517601
514100
518000
515299
517400
2251600
521900
518900
524000
512501
516999
515500
520300
518899
521699
521600
517700
520100
518800
525000
516099
519600
521100
517400
519700
515599
523699
518000
519000
522699
520200
517500
519500
526200
518100
525000
517200
520800
523900
520701
520200
520100
525000
519200
523800
523499
523199
520100
520300
523600
520400
526401
520100
522200
522400
521600
522200
523200
527101
521600
556101
524100
525000
521500
523301
521700
521400
521500
528500
525899
527400
522600
530000
522101
524101
523901
523601
522901
524201
531901
522700
526900
524100
524800
527399
561500
524800
521600
525301
527701
526100
530599
524199
526300
524201
526500
523201
525501
525701
526901
524600
525400
532900
527400
525601
525300
526600
531700
524901
525701
525601
531299
531100
528200
526700
728300
722601
716800
715500
713500
711099
706599
723599
716500
714400
719700
714200
719300
719801
726001
720200
720701
752000
716900
671000
528301
533100
529400
526800
526899
528700
528001
533000
532600
533600
530801
531400
528801
527700
525599
535300
527900
529900
534200
533200
524800
532300
533200
531700
532600
531700
552500
531101
531100
531199
528900
527601
532199
532100
529899
531000
535200
535800
531600
532899
532700
533600
531301
528800
536300
529600
533199
537299
538800
531900
531299
529300
532801
533600
542100
536700
535400
529501
534000
530801
534400
533000
535100
535300
532800
531601
534200
532499
530900
536300
533001
529800
533600
536400
529400
531000
532100
535000
532500
532899
533100
535700
543000
536100
532500
532200
531000
531001
528899
530800
540200
537000
531301
535000
530200
530200
532301
542999
535400
564100
533499
535300
531600
533699
537000
534800
537699
540599
597399
535800
534400
531700
528501
534500
529700
531700
533299
537299
532600
534100
534300
543600
533800
534200
540799
568600
535800
532400
541001
536300
538501
535200
537599
540499
557000
535400
538599
536799
537400
535600
542100
2107800
537200
534700
536700
533399
532100
532900
535200
538499
535400
535800
536300
534800
532399
536200
535300
539100
536700
559899
539501
540901
542000
538500
542099
541900
534900
539099
539399
539299
541201
538200
540900
538200
542899
537200
534600
545199
540600
543301
543399
540099
535900
540199
535400
545900
541100
540600
542799
542200
542801
541500
538800
540299
547000
542100
548700
539800
539500
538500
546500
545701
542999
543500
540701
543899
545600
540400
540100
543199
542800
539401
545501
543500
539900
544500
546300
545099
545300
543300
544400
544801
545200
542301
546399
549200
548200
541100
544699
545500
545899
547601
544699
544801
543999
544600
544400
543500
548900
545500
548199
565600
543500
541700
545399
545901
549100
551000
545400
545801
545800
550500
552300
546000
545699
552900
543300
545799
547200
547800
543601
546500
551500
545600
548600
548800
546800
548900
548099
543200
552200
547499
551800
545500
552100
547499
549400
550200
551800
550900
553200
548399
550799
552999
550400
552600
556599
557600
558900
558000
555801
557000
563800
555200
556400
556699
555201
556300
557200
558700
555501
561899
559900
557400
558400
554501
556900
554999
557601
562599
556300
555700
559800
555601
560300
559900
560401
557599
561700
564000
557200
560100
565200
556701
556800
557000
564500
560299
562001
562100
559300
559300
562400
554799
562801
559800
562201
564600
559500
561901
565300
558099
564200
557699
558901
557500
562300
574100
552301
556701
554100
556500
552800
554199
553099
555099
557401
557600
552100
554499
551400
553500
553599
553501
556601
554900
553500
558500
550300
553601
559201
559699
560201
556999
562900
558199
559601
563600
556400
559599
557901
557199
562600
560000
556200
561500
554401
558600
562000
562599
562201
563600
557500
555299
561301
563200
557600
561400
560900
558800
562099
571900
562801
2197400
562900
562499
562801
557399
556301
560699
558400
556600
556599
557101
557200
553600
561400
559300
557400
558001
561800
556701
558899
571000
562499
563400
564301
558800
561899
560000
558800
567400
558700
558400
562200
564200
565300
567600
562301
560400
565600
561400
562300
564800
560099
561100
564000
559999
568300
563001
566000
565400
564700
562800
568500
562699
565300
567799
564201
563900
562800
566100
563499
563600
566700
567000
566800
569399
566700
570601
566100
566300
576701
567000
568899
569199
568200
567100
567901
568201
569300
570100
565100
574399
570600
569001
568900
567600
571399
567199
568899
571901
572300
572199
570101
568800
566000
602300
571799
569399
571801
569000
570600
574500
570501
571800
566900
570199
572600
569100
573200
570700
570601
572000
571099
572201
576599
571101
575899
573500
568900
577900
567200
568700
576200
572301
570300
569999
593001
573700
571700
574399
573801
570700
574500
572500
572299
577301
569300
571099
568801
570100
575399
578301
571899
573901
570300
571499
573601
569500
573200
571201
573199
578100
577600
575199
572800
572300
574500
573200
575500
576399
573800
575599
574301
571000
576700
572400
576300
577300
580500
575001
574300
575100
575200
572899
577500
575500
575500
575000
572500
574700
577600
580000
576801
577800
577300
578899
572901
575599
574301
576200
580600
574801
578200
577500
578099
576901
578600
581700
580400
578300
578600
582300
575100
612700
579400
577400
576999
579400
576301
576700
576999
580300
577800
578000
577900
580700
614900
578800
576200
578899
577401
577300
584300
581700
581400
583699
576401
580600
578500
581600
578900
581900
579000
579100
578799
577701
577300
579900
583400
579700
583800
574800
582800
582300
585300
580900
588899
583901
583800
587000
580700
582100
585700
578699
1665000
583901
583200
586400
580900
579100
585799
576201
608200
584900
590700
598000
580900
596100
621999
602301
589100
586099
590001
597100
594200
594100
579800
600200
589300
596000
593900
591300
597499
594401
583899
597500
585801
594800
597900
582200
594800
598300
588999
592401
591500
589899
611901
585201
595900
595100
586199
601401
606699
586001
589399
584301
601700
586499
592001
595800
586700
606999
588701
589299
587101
590700
590300
586499
594100
599201
596000
600600
600300
601300
593899
604301
587999
603601
604500
602200
613100
596300
610000
612200
595200
619300
601300
600799
606501
606700
593200
607699
597100
604701
604200
593400
601400
600499
594200
614301
599000
596600
618900
594700
607199
601001
594300
585400
596400
602999
601401
592400
601100
611500
604300
601000
600900
604801
616000
589801
613800
594200
592800
600100
592200
619899
593201
599699
609100
592201
616500
597500
615800
598600
594600
591600
598000
592300
588700
595700
599899
605301
607100
608400
605899
596600
602301
594400
620599
592501
618900
616900
591800
615400
597999
602501
608600
595900
599000
600500
593901
592700
600900
602401
599200
600599
609201
603000
603800
606501
593401
608200
595299
607801
607001
597800
595100
592600
597900
594900
599799
603000
602199
607499
607701
601700
606400
601600
595000
603600
597700
608501
609801
600901
612800
596900
608200
608900
605699
595600
597301
600600
598200
598500
614300
593999
597101
601900
594900
604600
604900
608101
602100
599200
600100
604100
595600
610600
597600
601099
600401
626400
597300
605800
600800
599299
599200
596800
597000
604300
600500
597999
600801
598900
597100
604300
598400
603699
605401
599499
602900
603299
599501
601800
607500
603500
615700
602699
599700
602000
602101
1420800
610100
606199
606900
613300
600801
604599
615101
601400
604201
604999
603600
602200
607399
602301
629800
610200
602400
609600
602800
605701
605600
602900
603101
607000
601000
603099
609999
602300
605600
608400
602200
607900
607200
605200
609200
619000
606500
635500
605600
606601
615499
604501
607000
610300
604900
602600
609201
604901
607301
610000
607800
606100
605799
603800
607500
610100
603199
612300
611900
609400
608900
611600
605599
613600
609200
604899
615601
612100
609100
609600
626000
607300
607800
612300
605799
614200
618700
606301
613799
608001
608299
607701
607901
611099
607999
609499
609499
612901
609800
611800
610300
611200
610000
616299
621701
623900
608800
622800
609700
626000
625600
621100
626100
608200
634400
616401
621499
618199
622199
619699
614200
614400
608600
632300
621499
635801
614399
625800
607799
626000
622000
622301
625800
622800
632299
623499
612800
620299
622099
624800
621801
627600
636500
614901
638700
609400
640700
613100
654000
611100
608801
618400
613800
614599
611900
606499
628200
619800
622101
610400
619800
620899
614400
624100
620300
617900
619200
614800
614700
619400
626000
613500
621000
624101
613700
615400
617399
615699
621900
626900
613800
632000
616101
625300
613900
622900
612300
626200
620399
612601
619799
647900
618300
629400
624200
613000
637401
614399
636501
613700
643400
622800
634100
619801
628300
633201
625300
628600
624601
635901
623500
620100
631100
631300
632000
627000
631301
615900
614600
619001
638400
628100
619900
631500
620201
626800
614999
639399
622499
634300
628799
616501
626700
633600
625800
621400
622299
623999
626900
639200
628300
624000
621100
649099
613100
639500
619099
626199
619900
1590100
614700
620600
619400
612200
618599
612700
627200
620100
632301
616799
627300
619599
638199
619500
628300
615700
641500
620401
641200
630801
632700
635301
634101
633599
635000
634801
623800
636600
628000
629799
625400
636900
636101
628600
628000
630699
633600
633700
658100
711500
623101
633100
617400
629301
638900
628900
635400
629200
634201
626900
634800
622200
646700
623501
633001
618599
647900
621101
648700
622199
651899
627601
665300
631201
629600
624801
632001
622600
626000
632399
630300
625600
629699
630100
625500
626200
623501
621100
624900
619300
656900
626700
626900
647700
652600
640200
628600
638201
629901
639800
628600
642000
625600
638099
629700
639500
638400
638000
637200
630800
642400
635600
640900
630500
641700
632201
636900
637799
648900
626900
628501
643500
634100
628900
655500
625400
643300
628400
647899
637299
651500
632801
642400
627599
644600
630800
639901
641600
625800
704600
644999
644900
646199
641300
632800
641100
638699
643200
633200
645301
638100
638800
633701
636100
629999
647000
629801
638300
634300
638701
630901
642400
629799
642700
636900
648300
642200
628600
630999
645000
627700
649901
635400
644300
647101
641600
645199
632400
644399
636100
642400
627600
650801
634399
646400
653300
651200
643000
655401
632001
646699
631200
644000
625900
640500
632400
652100
631301
656800
630099
656100
634999
646200
629801
653200
636599
643700
635700
648799
633600
653200
637900
641600
644701
651800
651600
644000
634100
645000
646801
644000
630501
635299
635799
651599
633600
648100
637800
647399
644400
675599
644900
642600
634800
649501
629999
649400
628100
635800
631701
648800
633600
1409501
641900
628700
639400
642700
627900
640300
632301
633299
632700
636101
629901
641300
635000
635300
634000
641500
637899
636699
641400
634300
634900
636501
639200
631001
633099
646600
637400
639700
634800
632499
631900
640600
640400
641200
636700
643800
641701
642500
639400
636500
641600
635300
636600
647599
644200
641300
641600
646500
640101
634201
647500
643800
645301
642700
644599
644000
646399
645400
642700
644200
645699
644900
641000
648401
643700
643000
644200
647801
641900
650701
653301
641900
645300
641400
645500
643999
646500
648300
649099
687400
645300
647200
640700
644100
640000
642900
647601
645900
641400
640100
646600
644501
645300
642200
645900
636201
650000
643500
642100
642700
641100
645601
691000
651799
641800
641800
642600
646900
642899
647500
647601
644600
681901
643200
647900
643600
649700
648499
647300
644100
644100
642900
649701
651701
646001
649799
654100
652700
650899
649399
651200
647300
651700
657500
648501
648000
656000
656400
645601
652800
651200
646200
654199
651999
661000
651800
653999
648500
648001
647900
651499
647900
651200
653301
653901
648400
657900
652299
649800
652700
654599
649900
653799
650899
653899
647500
651800
697301
656000
652701
651701
652101
650501
655900
651501
651101
663201
654700
653600
648901
652801
653101
656900
657200
651100
655600
654400
654800
655600
653599
657600
658300
657700
659500
657300
656900
658000
658200
656600
658299
655500
659800
650901
655000
656500
656800
651200
661899
658200
658000
686800
658100
657300
664200
657700
666299
654100
660600
669099
656300
659900
662001
662299
655600
661899
1471100
663901
681601
673100
660900
667201
660800
686800
663900
668699
677800
667501
676501
667700
688100
659100
692899
664200
681400
680200
678301
668900
674200
675400
673300
675500
673300
672100
682700
681101
661401
678000
662500
676101
671100
664899
681399
665500
676799
664200
671500
664300
662799
679500
664100
681501
664801
679900
676100
670499
668600
672400
672000
680399
670800
663899
671500
667700
680300
682400
675200
675201
673000
678701
661299
678300
675700
680400
690000
666200
767600
661201
673300
665101
688101
677800
669399
676800
660601
684000
682401
674200
682799
686400
683400
670001
679400
679601
677801
691100
685799
674400
690501
683800
673500
682000
673500
687600
670500
673100
679400
669600
686800
672500
670601
692100
673100
696400
671500
691000
680300
679301
686800
687100
688500
681500
688300
689400
682601
672900
691400
677301
679000
671800
669301
690000
673400
674500
693699
673800
705300
673900
688900
686800
679101
686101
730799
690800
685200
692000
676501
685800
689000
690900
689001
678200
695901
685901
691500
697100
691599
691500
689800
688700
705100
677500
710601
681701
695001
697001
687400
694800
683599
695299
682399
690000
694401
692500
687200
683101
691301
690100
690500
697301
688300
691000
682701
700899
681099
687300
704200
679400
702800
683501
682800
697700
692299
701000
697001
695701
681801
686899
693400
692300
694600
681001
712401
693001
695300
700200
702800
696601
685899
689900
699699
682799
696799
682000
693399
683299
685300
685000
690201
693299
695799
682999
705900
688700
697500
701000
706900
699700
690000
692400
690400
692999
689100
691201
686900
690701
687800
686800
690000
688900
700900
727801
684801
688100
686900
690200
692800
694199
690400
707801
692299
694099
693200
694000
690301
689700
697800
697099
691600
689501
699800
697901
694901
694901
690499
696899
694899
692900
694700
695000
693701
695601
694801
696100
691299
692200
701200
693899
690800
696900
694700
696400
688300
694601
701200
698200
691400
690801
692299
698699
692399
731700
702900
700799
692900
692800
691900
701900
696400
691800
699701
725000
696000
694300
698600
694900
685800
695901
692601
697100
697000
691899
698600
696500
699800
694600
697901
698899
701000
695400
698600
696200
699099
696199
700100
697800
698801
693201
699601
692600
698601
697900
692100
703800
698400
695401
699201
701199
694899
699600
702200
694799
729000
697800
699701
696400
694900
701099
700200
702900
702600
702800
694900
701500
705999
694600
704300
700801
703300
695100
708099
752700
702000
704300
705500
701601
702900
693301
706999
707600
702700
699400
709800
697101
719700
696601
703700
704500
704100
704099
691700
738800
702900
709699
699800
697700
707401
704200
700700
704800
701800
703800
700999
704100
705701
710600
705500
705700
703300
710200
706899
734600
698600
702100
703200
701600
705299
708000
707100
700699
702900
708701
706100
705300
704700
712001
729101
704000
707001
704800
740800
700099
704900
711000
712899
706300
707600
703200
706200
706600
700501
708200
707500
714901
698499
709500
708100
705800
1650200
716600
713701
707400
703300
701800
704700
708599
703300
713501
710000
710001
709101
709901
706401
708599
708899
699400
711600
709601
704100
717800
711300
711300
710299
703700
719000
710699
713600
710000
714100
710401
711401
703500
716100
715201
707400
711100
709700
715999
712001
741500
709300
710899
720200
711600
708200
728100
725700
721799
721100
711900
714500
721001
726500
722800
723800
717600
710399
726500
762000
724200
725201
725101
711300
717400
718000
713699
722400
723700
716499
714300
718700
709099
708099
712700
714900
711901
715099
714900
710001
720001
716501
711399
711799
707200
706200
714399
708500
715800
712400
713001
711201
711000
711100
722500
711200
719600
713401
743800
710500
716200
747600
714299
716500
712200
712700
715200
708700
713200
715901
715000
707799
723499
715000
716400
718300
723601
768801
715000
712500
716800
723300
714501
715900
715501
712199
720000
720500
717400
711300
710700
716800
716700
717800
713999
718600
713899
747900
715901
718900
718700
719500
717500
720301
717200
717900
716300
718900
724601
715701
712899
724599
719100
721900
718400
720100
745500
721399
724299
716300
719601
715100
721501
718899
721800
718700
719200
716600
714901
726700
719500
725900
721300
713201
725000
752900
720001
717800
719300
726800
725000
718900
719601
759300
724800
726600
721600
714499
716900
720501
723300
715500
724300
721900
725801
718600
718600
722900
725600
725900
715400
727501
723600
725600
718900
720201
1472799
726200
717601
719000
718200
720700
719000
729201
721200
724100
723100
720000
730701
723800
721700
719300
744301
723400
720800
722801
721401
720100
726299
719300
725100
725800
745500
724200
722199
721000
724999
728000
721199
721300
726699
725600
726900
722701
728000
732900
731800
736300
722499
723199
724399
756600
726700
728601
723300
733000
729801
721000
721100
723600
730201
722500
724200
729800
733300
727199
723999
724900
730200
723800
755700
726200
723399
726200
726700
726801
721300
723101
730901
725000
722100
727499
732100
727100
726300
726499
725499
727200
724401
723901
730401
732000
725200
727601
726300
725899
724699
726100
728500
730201
728599
733700
730200
730501
731600
732500
735900
731400
724401
775701
726300
729400
726800
725401
726701
724300
727899
725299
728900
724501
724401
729799
743500
728900
726900
732200
725801
729001
730100
733800
725799
726500
727600
726401
724800
730899
723399
726100
726900
726101
727999
725399
739100
727800
736701
734100
729100
748100
726001
730700
730700
730401
727899
729700
728500
724699
730000
729501
727399
729400
731399
727700
760701
734000
722900
727700
751500
725599
725800
728101
730099
734000
724700
725900
731800
726500
734900
728201
729999
730300
728100
726099
727100
733700
734100
738800
730400
732200
732300
729201
731300
727601
727800
723700
733800
729199
731700
727099
731400
728900
733100
730799
743300
739901
742600
736300
746799
743201
1376800
726901
735300
732499
730600
731699
729900
727700
734800
727900
731200
731400
738000
739399
739999
727100
737499
738199
732000
735000
733700
735500
736600
736900
735900
735400
732600
735100
734300
735200
731401
730800
730801
755300
729600
763801
733400
740800
741499
737800
738799
730600
732300
732600
730500
729201
733700
734300
736199
734800
737600
734600
759201
734500
730799
728900
743101
742299
747000
735400
734000
739700
746000
738000
735200
737500
742999
740400
735699
733500
731200
763300
742499
737099
739799
737799
742300
743801
744399
740400
743101
747199
742300
742201
743299
743300
746900
743500
741601
744100
740300
742699
746500
761800
748100
752999
744500
752400
749200
743600
742800
741801
736600
746399
737699
740200
750100
734000
743900
739800
737800
735000
746601
746400
740801
739800
742699
738400
738999
740399
745300
742700
740999
736799
742100
746601
775600
743501
746599
741200
742401
740400
743699
740000
737101
749100
739499
739799
742400
742001
742800
743100
745901
743299
743600
773700
748300
743600
743500
745401
742499
745900
742300
747000
744700
854700
749900
753900
749000
743500
758100
758901
753500
760900
751901
754900
763200
754600
752600
756000
748700
753100
792300
769700
755500
750600
854900
759900
753401
752201
752801
751401
752301
780000
748900
793100
754000
743899
753199
749800
753999
801400
787000
761400
742999
753699
1461100
765500
758200
752400
752100
755399
746200
751300
745399
754100
755701
752601
755800
761099
750899
755600
751900
752299
753799
747600
749700
750900
764900
751601
753101
752301
747600
746000
754001
750800
749600
753199
752699
760500
749000
754501
757500
751200
748300
747000
769801
747500
749500
751400
755299
747800
748600
754200
751600
755200
755199
758300
752401
752100
745999
750900
751000
745500
745801
770699
756400
752200
755801
754200
749100
749300
756200
755301
748800
755401
761300
753399
757300
752100
748099
758000
752700
757400
753400
752200
752199
762600
755000
751900
751400
757400
761700
754399
755900
753101
751701
763100
762200
756999
761600
757200
786299
753199
751099
759900
755300
757499
754600
760201
758499
762801
752200
751500
762000
760399
761000
754900
754799
754501
762900
757700
758701
756499
765000
757300
757501
757999
757900
758499
759700
761199
760300
759199
763900
751300
756299
762100
777900
755400
761600
763000
765200
760400
765801
760601
759700
760899
766699
759500
765000
754501
757800
755699
767199
766100
763900
764400
771000
763100
763300
758600
758000
757601
759399
760300
763400
765300
764300
763500
762200
764900
761400
760501
759700
779300
758300
765300
763800
764200
761400
759800
767101
763100
766899
763400
759400
760001
766200
760600
760501
775300
765900
767801
767900
762499
781300
768299
771601
767200
767200
765200
761899
767200
766400
767099
761600
1641999
771701
769700
790100
755701
757500
799300
769600
758700
759501
761900
761999
763200
759300
765300
760701
762400
758300
764700
771299
766200
761200
783600
766900
777200
769500
760900
777599
765400
765800
766499
764700
765599
766099
764500
764200
771800
770299
768701
791301
767399
777500
788500
772201
773699
775201
769400
772500
773401
765300
768600
768400
770899
769401
777500
773300
769900
773800
797101
775101
773400
769601
772200
781500
777400
780500
777500
776899
775000
768600
771899
766700
773301
770100
774200
777600
824300
772901
772699
783699
775700
779700
782500
773000
772700
769600
770400
773201
779300
773100
780200
778700
781400
772499
808301
777100
775700
772701
778100
770100
862299
786001
774899
781599
780400
774500
775100
773101
775500
778399
779200
809800
775100
783600
777600
773400
781700
784299
777701
769200
783801
783800
780800
777500
772501
774400
778300
785001
781200
806899
782400
773201
773000
768701
771800
785100
776400
780500
783600
776200
774900
778600
777600
780000
777299
777801
783000
804000
779000
780701
775401
776500
779500
778800
791899
777500
781900
782500
780500
779700
778900
777700
780400
782700
778800
806599
778701
784099
781600
783901
782101
777199
784801
781000
784500
780200
784900
776300
783600
777600
783701
778400
810701
779500
778201
780800
777700
783200
784399
779300
783401
787601
783600
784499
779300
781799
786800
1731900
787399
783701
784200
786100
781000
783400
779900
775000
776899
777200
780200
780100
778900
776999
783501
788101
783300
783499
779400
782299
786801
781300
784200
789300
787301
787699
785800
787500
782600
784399
1102200
916500
790200
785700
782200
783000
783199
783601
788701
787199
786501
784900
782800
786299
790001
788299
786701
790299
791201
788800
785900
788800
787400
792500
789400
787801
786899
789101
787099
788401
793900
788800
786600
784800
794200
790999
791801
802299
791701
791301
789700
788400
798099
789400
787100
786201
787800
788501
788100
796601
789101
788300
790101
789100
794600
800600
792700
794500
808500
814999
798801
788200
787900
785700
796000
785899
789401
787199
788201
787899
784601
789800
791000
790300
796601
787100
789800
800800
793700
790800
787199
798401
797200
794400
798700
791800
790599
790100
795400
792200
788500
790000
793000
799900
793300
797800
793200
792200
798900
796000
794200
790699
791001
788700
785500
791200
788700
792100
794800
792100
792300
790500
808200
791600
805399
794400
790301
796100
796700
795200
793400
796800
793100
796500
796200
797300
794300
792200
792399
814800
795300
799999
804400
799700
798200
791100
796300
793999
793200
795900
793601
801000
799600
797500
792000
800299
797100
798101
793300
814101
812900
