5100
600
4100
1000
600
800
900
1099
1401
1800
1900
2400
3001
3200
3200
6599
5400
6700
5800
7099
5699
10001
9100
56999
11000
7600
8699
9100
3401
4000
4300
4501
3401
3599
3599
3601
3800
5299
5100
6501
5500
4999
5200
5101
5700
5700
8700
6401
11900
6299
6401
6299
6801
9300
7299
6901
7400
7800
7500
8399
8099
8600
8499
8901
8700
10100
9601
11599
10200
10201
10199
11201
10900
10800
12000
11700
11500
12300
11900
13100
12200
13000
13101
13200
13600
13801
14500
14200
9600
9301
9099
9200
9900
9399
9701
9399
9500
10500
10399
10100
10101
10201
15800
10700
11200
11200
22099
14800
15700
15200
19600
15800
16799
16300
16799
16700
16800
17500
17500
17700
17800
18201
18799
19200
19201
19801
19700
20601
20500
20800
21200
21701
81301
19100
16900
16700
8600
8699
8900
9300
9300
9301
9299
8800
8900
9200
9200
9600
9300
9801
9700
10000
10100
10000
10400
10000
10701
10700
10701
10399
10300
10499
10200
10600
10900
14100
11700
10800
11700
11700
11799
11699
11400
11699
12001
12000
11800
11800
12201
11701
12600
12300
13399
12299
13100
13300
13201
13201
13600
14100
13400
13700
13800
13900
14100
14000
14600
14700
14400
14600
14600
15100
14600
17799
17999
18001
15700
15100
15600
18299
15900
15900
16200
16400
16700
16601
17500
16600
17199
17100
16900
18800
17100
18001
18100
17600
17600
18301
18100
18200
18400
18700
19400
18800
18400
20701
19500
19700
21399
21000
20499
19600
19199
20300
19899
23300
20200
20200
20099
20900
21399
21200
21300
21200
21200
31400
22800
21800
24900
21599
21600
22500
22200
29301
22601
22999
23000
22800
22699
23701
25900
23600
24499
23900
23701
23800
24000
25501
24100
24299
24500
24601
25100
25099
25499
25101
25500
25700
26600
26299
26199
26100
27001
26600
27200
27300
27800
27100
27400
27300
28000
28200
28200
29200
28400
36900
28501
30400
28999
29099
29900
29200
29800
30000
29601
30900
29800
30500
31500
30300
30900
31900
31000
31000
32000
31800
33200
32600
31899
31800
32500
32799
32501
34100
34099
33200
33600
34201
33800
33999
33900
34300
34201
34900
34399
38000
37001
39999
38200
34701
36000
36301
36000
37701
35899
37100
37000
36500
36601
37599
37400
38400
37699
38700
38600
39100
38000
38501
38700
38800
39401
39000
39099
40199
40000
40701
40500
40800
41100
40699
41199
40401
41201
41201
45300
41901
42301
41900
41200
42500
43200
43200
43700
42800
43100
42900
43700
44000
128300
59300
51099
52799
45000
46000
49600
45500
46101
46500
46700
45700
46800
46600
46900
47499
48101
48300
47699
49600
48199
109301
48700
49199
51000
51301
49399
49601
49300
50501
49900
49401
50400
50801
51500
50901
51499
54101
51501
52300
85500
52801
53399
52900
52501
53600
53600
54000
54300
55000
54399
57700
57600
55699
55200
54701
55601
56600
83901
58001
57201
57001
56301
57001
57900
58000
58101
58401
57601
61800
68299
73101
68000
72301
71001
76500
112500
61500
60100
60200
61000
72800
67200
66901
62799
59499
61100
60100
65999
61200
61900
62100
61600
61700
62200
62200
62000
63301
62900
63999
63700
63300
64301
63900
64801
64500
64801
64800
65700
65600
66001
66100
70801
66001
66199
67200
66900
68700
67000
68100
68099
68900
67500
68799
68900
69400
69500
69600
69099
74200
71500
69699
71800
71900
70499
71999
71799
72099
75800
77800
77099
74300
72900
76200
73700
75400
73899
73599
74800
75700
75600
74600
75900
75199
75000
76200
80899
77000
76400
77399
76800
78000
77400
77700
78300
78900
79200
79399
80100
79499
80100
79899
81100
82100
81400
81001
81499
81900
82701
81800
83400
82899
83600
83401
84700
83099
84000
84601
84700
85500
85399
85199
86099
86199
87800
88700
86199
86499
87399
87399
87399
87899
88099
89400
89000
88900
89200
89100
90101
90999
89800
90200
93699
90499
90900
92200
91200
91200
91300
94199
97100
92500
94600
94399
94600
94399
2093500
96601
95399
97600
95599
96500
96900
100599
96700
98000
98699
98100
98501
98899
99300
98801
104200
101101
99600
101800
99899
99700
99701
107800
100700
100501
106300
102600
103000
104499
102299
103099
109500
103700
102800
108200
107200
104600
105400
105600
105300
107800
106700
107300
109999
106500
107200
107300
108501
108600
109199
108200
108000
110401
113000
109900
110900
111400
110899
112500
111501
112200
115201
114001
111999
113200
113201
116100
113399
115100
115501
115800
115900
115300
116299
115999
116300
116301
117201
116701
116400
118000
117800
118400
119400
119800
118301
119501
121099
119800
121200
121200
122900
122900
121900
123199
123200
123500
122700
123100
124900
125401
123400
125401
127400
125501
125300
126401
125700
127100
130300
127099
127500
127400
128899
129300
128301
128099
128800
128901
129900
130300
131199
131599
131700
131700
131401
131301
134100
133301
139000
136000
135500
135200
133701
135400
134399
137000
135100
136700
137300
138600
136900
138400
138200
138900
137500
139800
140099
139900
138800
160700
144801
144600
139500
141000
141699
144200
142101
142099
142700
143701
143199
143800
146201
144501
144600
145699
145599
146300
148901
147500
147400
147699
148099
148499
148400
151700
148301
149201
152700
149399
149599
150400
152400
152000
151800
151800
152800
151400
154200
152099
154200
157500
154799
155400
156800
156200
155100
156699
157000
156401
158100
157900
158401
162200
158000
160699
159899
159600
159400
162201
160301
169000
161000
161300
162001
166600
163399
164300
165100
163501
164101
164299
165100
166000
166000
166500
170000
167500
167500
168500
167500
169400
169000
169000
168300
168200
168900
169601
176700
170100
171401
174800
171900
171500
172199
174300
173700
182800
174999
176399
174900
175200
176201
175701
175301
177900
176600
176500
179300
178800
182301
179499
179400
181400
179400
180701
180399
181600
181500
180801
182700
185900
183800
183400
184300
183500
185001
185300
185600
185900
186500
186101
187100
186600
187601
187500
187500
190001
188900
191199
189400
190500
190000
191101
191701
191401
193501
197699
193200
196800
194800
194401
194199
196300
200900
196700
196900
198400
198000
196300
198100
203799
200300
198800
200700
199399
204300
200600
201799
205500
202200
208001
203501
203899
205300
204800
206600
204800
209000
206600
211300
207001
206101
208900
207601
210201
208400
210799
209100
211300
207601
209901
210899
211300
216300
212400
212100
214100
212000
214400
211999
213400
213800
219400
215600
216599
216800
216801
219299
218100
220200
219300
224101
219701
223301
220101
220600
220600
222900
223100
223000
229300
223799
224400
223300
225300
224200
226101
224299
226100
230400
226699
227900
228500
226900
228800
232801
229500
228300
231000
229800
231099
235800
233600
232101
232900
234700
233100
234501
235200
234899
235500
234200
236400
236601
240101
236300
238901
238700
243100
239600
239300
239201
240101
240299
243700
242300
243300
240500
239700
241701
248900
246100
245400
242900
246900
244400
244700
244900
251699
248800
246900
248201
249299
248800
246900
250201
256700
252200
249600
250501
253201
255801
253000
257699
254500
256900
255801
256899
255600
257700
256801
260700
256401
257900
257000
259400
260900
260701
264299
261500
275600
260700
264000
261600
263501
261800
262800
263401
262499
267699
266599
264100
265600
264600
266801
269001
266201
270001
266100
267000
271699
270000
270400
269300
270201
272599
270800
274000
273200
273600
273500
273900
274001
273400
278599
275200
276700
275000
277700
278399
281699
276900
279200
281001
281000
283500
282700
282000
280300
282100
283500
283100
283000
287400
289700
283501
285101
285999
285200
288400
286401
288100
289700
287099
289200
287501
287699
290800
290601
291100
290600
291300
295000
293000
293500
294899
292800
295600
295701
294001
297300
296600
300300
298601
298301
298000
298200
299700
300999
300300
301500
302900
334000
319000
303400
302300
304899
303100
308701
304800
303600
306399
305600
311101
311300
308600
317099
312699
308500
312600
310500
311000
315401
314200
311900
316299
310900
347800
318400
314300
321600
319700
318000
319100
318200
318100
324099
320600
319700
321200
324100
320200
321100
326601
323701
324499
328799
324200
329300
329199
327500
330500
334101
327200
329100
329199
328299
328599
330300
331601
331800
359899
347201
336500
335300
334100
337900
335600
337800
334000
333299
337800
336200
336200
335700
337799
338600
343100
342100
340900
344700
348199
397200
343500
343000
343899
341200
342600
351200
353100
346000
352800
348800
348001
350900
350001
350900
390701
349700
348300
350701
349300
357301
352500
351000
353300
356001
352200
360500
356199
357799
355699
358099
358800
359300
359900
360501
360401
412200
362699
361100
365200
366100
361800
363301
363799
363900
371300
366900
1858100
371001
379200
445901
370499
373099
366500
367500
367100
368100
371499
370400
368700
372401
369800
382000
432000
374801
378699
375999
379800
379401
379100
376500
376000
378101
379099
380000
403001
383200
380000
383601
380000
380900
381300
381700
438800
384099
385900
390800
391699
388499
386400
386300
387501
392001
387400
388801
388301
389801
394601
392099
392100
421700
398100
400200
397400
394000
403800
397701
397200
395899
398100
397600
397200
405000
402500
403500
403900
404001
405001
403300
404201
409801
402400
413400
408301
408400
407099
408300
408600
408400
415900
411299
410400
409601
410800
420000
414900
417100
416000
415700
414800
414000
584800
776001
779800
774700
782601
778900
773900
783700
779900
780100
786499
782300
777400
788300
791001
788999
796000
788300
795000
794300
794700
795501
793300
806099
802299
784099
806100
793700
800600
817600
809200
811600
807000
805801
819699
812100
808299
815099
815399
825000
838000
805100
816401
824401
824300
835301
822099
821300
828700
825000
821899
827700
838300
838700
832800
837600
839300
833900
848799
839900
830600
841601
837400
822499
848499
846299
821200
843801
851900
848400
848700
864999
849299
835900
855700
842900
859100
865001
861100
866599
869400
866901
865999
869800
873200
866000
855800
873599
859300
871700
878201
879699
876899
884300
882501
882899
871100
890700
888000
884401
880399
873000
886000
883100
643500
478901
477901
481400
479501
483801
479300
487300
485300
485901
482799
483300
484500
486001
487000
486101
491500
487399
498100
490400
1715700
497601
492701
489300
488800
491900
489300
489600
489400
498900
495501
495001
496301
502999
495699
499700
493901
495701
494601
503601
500300
502000
500099
533600
542100
556999
505400
507300
501700
511599
504900
507600
512801
508500
510000
507001
558100
515200
514900
580700
550400
513000
521200
513901
515599
517900
517299
520200
515399
516100
515701
522500
518699
554699
520400
525700
522500
525600
525100
529400
527099
530100
527901
526401
531499
527699
530200
529101
534200
530800
533399
532000
535500
532800
530899
536400
532800
537799
538399
541799
536000
541800
538699
623500
580700
542401
543901
543700
545200
543300
544701
542700
548700
546201
544499
548300
545601
549500
550100
549500
555400
551200
554301
552099
557799
553999
555799
560500
549700
564000
556400
559700
556899
560000
561800
563399
561900
562799
565500
564500
567299
564800
566500
564701
565600
568300
565700
568799
569800
571599
573899
571199
570099
577800
576099
572799
574800
579201
573999
576300
579099
583299
582600
578400
583499
579200
577299
583400
581400
583100
580000
589500
584700
584299
592200
586301
587000
585800
590599
617400
590300
593399
590800
592101
595600
595500
593700
592099
593000
596800
595700
600900
599700
606199
600999
598599
604800
604700
602901
604400
604599
603400
604000
604601
613800
610200
605800
609400
608900
740301
724600
640000
678501
614500
611600
667500
614600
612400
614999
616599
615299
623400
617401
617700
622499
621700
622801
648100
622800
627400
630099
622800
623701
643400
627800
629000
626600
628999
634300
627999
629600
630700
629000
635699
633099
632399
634300
640400
634300
1987800
645700
647700
634300
645700
644000
642100
657300
644299
644200
648500
644800
642500
648500
646800
646800
647900
650499
652600
652500
652000
649900
658000
652800
657600
657300
665300
655801
660700
654500
662501
691001
658100
665600
663001
663300
664600
662100
660100
687800
663801
668999
668600
669699
674400
668500
671401
672400
669399
672600
675200
670600
673000
674300
674400
706200
683400
674601
672700
676899
677999
674400
676300
679899
676999
679699
685400
677200
680700
678999
677899
681500
683601
681499
679900
684601
690600
685300
709401
686600
687300
690100
687300
688800
688800
687900
693800
692200
701400
700001
693899
697600
695401
696899
695199
697300
699299
699200
700099
700200
716999
702201
704900
705100
706900
710700
705700
705300
711200
710099
711100
709101
712901
712799
713400
712100
717800
712399
723399
715000
720200
717600
1011099
1176000
1180800
1180100
1189900
1200899
1188001
1185299
1190900
1194800
1192600
1203301
1196000
1274499
1384001
1384900
1388001
1381799
1388100
1385299
1388500
1388500
1295601
1208000
1218299
1237100
1206800
1208700
1212801
1205599
1232700
1208200
1214901
1206300
1224400
1210999
1395199
1408400
1418600
1414299
1414600
1413801
1415200
1420300
1424100
1427700
1428600
1426800
1422800
1420500
1425900
1428300
1425900
1432500
1438100
1421101
1439500
1440200
1432700
1433300
1440599
1443599
1446101
1447999
1458700
1453800
1461201
1458200
1465000
1462100
1465900
1465700
1451800
1461500
1478699
1473201
1471900
1468100
1477401
1478600
1456701
1482300
1489599
1474601
1477400
1488699
1483899
1493600
1484400
1494999
872100
824300
802699
798099
796899
794700
799000
794600
796600
799199
798399
802200
798701
802000
837400
824700
802200
801399
806800
808700
818801
842900
811100
809700
872801
813501
810200
811799
815899
809800
812000
817299
815100
825800
822000
816500
835700
832700
882700
1169100
1320499
1018301
830100
827200
827400
828600
826600
832700
824800
859400
842400
837300
844400
836300
832001
833900
834400
839200
848000
840300
836000
854200
837900
846100
929300
848601
841300
842400
2447600
856700
860600
878400
901700
849699
847601
847500
850799
849401
850499
849300
851001
851000
861801
852599
855200
927100
856901
858100
861801
858501
857801
858200
861101
898899
872100
870300
864900
870900
865799
869901
870200
871200
872200
875401
873800
877300
875500
948300
877400
877899
879501
878000
875999
883900
885100
881699
896700
886600
880500
888700
884500
890900
887900
891900
892900
894500
892800
891300
891199
889999
890501
893601
892100
893999
893600
895600
898500
899399
900401
901600
898700
899599
921299
903500
905501
902600
904399
907101
903901
910701
904500
907300
913000
911000
914100
909200
911600
910900
915200
964700
932000
918500
916900
915499
919399
916000
923599
923500
927100
924800
923901
925200
928900
924800
931000
927599
951099
933300
932100
931000
933100
945100
935700
935000
943100
935801
935901
943300
942500
939300
946000
943700
946299
951100
941000
948700
945800
943400
946699
951201
957601
950600
963400
955400
952900
950500
954000
957401
959600
1086200
958499
960101
964900
958100
961299
968201
962700
975900
970700
968900
967001
964400
965601
966901
962000
969601
972199
971600
974599
968800
1010300
975199
980299
974400
979999
983200
980501
980700
975099
1536501
1860900
1854300
1856199
1855300
1859001
1859700
1879199
1870501
1782499
1869401
1883800
1882000
1860100
1885900
1857299
1913700
1910700
1912600
1335900
1015701
1029199
1006501
1009300
1020500
1007600
1030000
1013900
1029600
1107100
1115200
1006000
1038300
1003301
1021500
1059600
1144700
1014999
1017999
1013601
1011701
1011200
1025000
1020300
1059400
1027500
1014300
1053600
1028700
1023800
1025999
1032901
1025800
1028400
1029400
1033000
1027500
1032799
1029201
1036599
1034400
1047699
1036701
1038000
1034100
1041000
1029501
1036000
1050201
1048400
1044300
1040200
1047099
1045001
1062200
1089400
1045099
1043701
1048600
1047100
1047201
1054600
1049499
1057600
1054200
1058600
1055800
1049401
1056700
1470100
1745299
1743500
2711200
1064600
1059300
1058800
1061099
1066101
1069200
1071000
1121700
1096300
1081800
1094400
1084300
1092300
1092300
1101900
1100900
1101500
1086499
1102000
1131200
1097600
1092599
1163600
1116000
1110901
1142100
1104600
1088900
1087300
1086500
1103500
1106000
1114100
1121600
1090999
1093901
1112600
1095500
1097900
1098700
1103999
1117199
1129600
1122600
1102900
1104299
1104301
1119500
1113800
1109500
1141900
1119400
1113700
1110800
1107500
1108500
1110099
1133300
1122901
1125400
1136800
1116200
1120199
1132201
1135800
1193600
1134201
1276200
1138300
1124400
1127300
1129900
1130400
1156299
1135801
1140699
1143800
1135299
1138301
1139000
1135799
1150700
1145600
1149300
1164099
1163600
1183201
1147600
1159201
1155100
1164900
1144400
1178900
1161000
1151900
1147500
1155100
1138300
1156400
1174800
1144200
1150100
1148500
1167200
1168700
1188099
1154201
1152499
1157400
1152999
1157900
1165200
1158400
3509599
1164500
1157000
1166700
1199200
1163200
1168999
1162700
1162700
1186201
1169700
1193800
1176000
1172100
1178200
1175300
1174401
1189100
1182900
1183900
1196599
1209001
1182600
1178399
1177400
1178399
1184700
1185600
1208000
1197799
1202500
1209800
1187799
1196400
1200100
1194100
1195499
1195600
1198601
1196300
1196001
1200199
1201801
1203401
1209099
1200700
1209699
1205001
1210399
1206900
1203801
1205100
1213000
1212800
1207600
1209400
1214900
1216001
1220500
1216299
1220601
1215800
1228700
1241599
1220101
1227801
1228900
1227899
1227701
1232999
1282200
1242200
1240400
1242599
1246100
1232700
1247899
1260201
1260000
1257099
1252200
1237000
1264301
1263300
1260499
1251001
1245101
1284000
1280700
1255700
1257000
1247500
1273500
1266600
1281300
1256300
1292000
1251500
1252700
1255200
1269900
1283700
1264500
1275600
1280701
1310800
1284300
1290799
1276500
1270500
1260800
1265300
1264299
1263101
1266100
1267300
1269100
1278299
1269301
1272600
1310700
1270600
1290600
1294499
1286000
1304700
1296301
1286799
1278901
1332699
1304301
1325699
2868601
1284701
1277500
1286500
1289701
1292300
1288999
1299900
1317400
1303901
1296100
1315000
1299700
1299000
1319000
1308800
1313200
1322999
1326601
1321700
1323299
1330500
1326001
1899001
1313200
1310399
1314300
1331500
1330300
1332500
1327801
1314001
1324701
1322800
1328400
1319600
1325200
1322399
1318300
1331800
1332000
1321701
1336199
1324201
1325800
1337399
1357001
1330900
1331101
1333100
1330800
1342300
1329600
1353999
1338900
1350300
1370200
1341299
1363600
1349999
1345900
1343999
1355799
1345600
1352901
1350200
1348600
1351799
1354201
1368900
1411800
1360200
1358600
1366400
1356500
1360700
1356400
1361100
1363299
1360400
1363500
1363100
1364100
1363899
1367501
1382599
1369100
1364999
1373400
1368701
1370100
1378400
1390300
1447600
1373700
1381400
1385100
1382799
1378801
1380900
1387400
1382399
1385500
1385500
1415299
1380701
1399199
1389800
1395001
1392300
1389200
1399900
1395000
1397399
3127501
1409201
1395400
1395699
1397501
1424400
1417800
1423200
1426400
1423300
1414700
1427100
1431601
1423699
1405700
1421500
1434500
1416899
1419099
1414801
1439699
1437500
1425400
1427801
1423200
1422699
1427301
1434700
1426899
1429601
1425500
1428501
1429900
1444800
1454499
1450400
1437901
1450400
1455300
1436000
1440000
1457301
1447799
1437700
1476100
1447899
1448401
1462101
1470699
1462601
1452200
1452300
1447101
1459800
1456400
1534299
1457999
1456800
1454900
1452000
1456600
1480200
1477900
1468700
1478500
1479599
1484900
1488000
1486101
1459900
1477001
1482600
1470699
1479401
1468900
1479199
1477900
1488001
1502799
1501800
1503599
1507901
1484900
1511499
1479999
1485301
1502800
1502199
1491799
1508800
1486601
1487800
1506901
1503899
1495999
1517600
1506400
1500400
1501100
1502901
1498300
1503499
1523101
1517499
1554200
1524601
3175401
1580701
1509600
1508300
1506799
1520800
1525301
1538801
1511600
1529400
1536400
1536099
1581900
1536000
1520799
1531900
1540200
1541600
1543400
1532100
1527900
1553701
1553200
1530600
1551600
1550500
1556301
1532001
1554299
1551401
1540200
1554100
1591500
1543101
1575700
1537500
1541801
1573500
1579401
1567099
1551500
1564600
1586999
1579800
1554500
1560400
1568801
1560600
1557101
1569301
1575200
1604900
1598900
1588300
1568199
1565700
1567000
1585000
1581399
1572900
1572500
1569300
1606700
1582000
1576800
1598300
1573301
1597700
1574600
1595901
1598499
1594300
1616800
1589700
1608401
1586600
1613599
1592400
1610799
1610300
1595001
1602600
1624500
1612701
1614100
1610400
1606801
1602500
1603600
1621600
1614501
1599900
1615399
1602899
1608500
1622900
1605400
1607500
1626199
1640500
3266000
1638300
1619101
1612601
1621399
1622800
1624600
1638201
1641500
1625801
1627999
2020700
1892401
1869801
1664200
1625399
1644900
1694601
1635800
1656400
1682500
1658499
1636801
1679300
1753800
1649700
1664700
1643100
1641600
1671800
1645501
1638701
1652300
1656599
1679799
1660299
1652600
1656600
1673301
1687999
1656500
1653599
1685400
1670000
1666800
1658000
1679301
1686201
1693500
1677700
1691199
1667200
1694800
1671999
1692199
1688501
1678400
1705900
1672799
1675000
1685501
1681000
1692100
1682000
1692500
1700600
1707501
1720201
1684699
1687700
1697400
1698501
1712700
1699799
1698100
1690299
1733200
1717801
1712300
1717900
1722199
1715000
1708300
1715600
1722301
1734800
1714200
1705900
1724901
1725400
1707400
1710299
1720300
1719600
3427399
1719500
1713100
1717999
1722600
1740600
1720600
1719501
1726400
1757000
1729900
1725199
1730200
1731499
1732901
1731699
1749600
1758899
1779600
1753601
1734300
1752800
1744600
1738099
1757500
1757500
1764900
1746900
1766700
1755100
1748400
1750399
1746600
1768400
1775299
1867000
1778800
1773000
1751600
1765099
1782000
1780801
1767000
1761300
1839199
1765100
1786601
1774400
1782700
1779300
1773400
1782200
1813601
1775100
1795800
1798301
1796500
1787400
1802600
1790200
1806800
1811800
1784600
1805600
1804699
1800799
1811000
1811900
1811101
1807899
1823800
1808501
1796399
1818500
1810800
1819000
1795900
1821101
2027699
1820700
1808400
1828901
1832701
1835200
1819700
1805600
1847700
1828799
3414700
1815699
1803700
1826499
1827000
1824501
1855999
1843199
1845299
1843700
1843501
1833801
1844599
1828500
1853800
1857300
1845700
1837700
1838700
1853999
1849000
1836300
1855500
1877300
1839399
1867700
1859001
1864200
1847901
1847100
1871600
1879200
1853200
1875000
1868899
1861099
1881800
1855899
1878699
1861700
1862900
1864800
1885699
1867400
1866800
1884801
1889099
1886600
1898000
1867100
1870001
1900600
1872301
1898499
1877399
1879600
1889400
1923000
1908000
1880700
1884501
1885300
1901901
1906900
1899801
1930100
1901000
1904100
1901499
1892800
1921399
1901300
1905501
1916201
1945999
1931200
1911500
1908700
1908100
1909900
1909100
1924700
3585200
1930700
1912800
1930900
1913500
1917199
1937499
1956900
1932801
1938500
1942600
1927900
1924100
1948200
1936000
1968500
1947300
1940900
1933000
1949201
1933600
1951099
1966499
1945700
1937200
1939801
1964800
1945101
1964799
1949599
1969899
1961100
1947501
1950700
1951600
1965699
1979200
1965700
1954499
1973100
1963099
1977800
1976800
1976901
1980199
1985900
1962899
1980100
1959300
1983900
1971900
1968899
1994500
1972300
1980199
1979000
1973101
1991600
1996501
2004300
1990100
1992900
1987000
2026600
2003101
1991900
1985899
1997499
1991100
1992601
2009299
2005400
1987600
2017100
2010299
2022500
2001301
2021200
2005101
3155899
2008600
2012201
2006400
2023500
2008900
2025900
2008700
2006799
2029600
2037000
2040801
2013000
2034400
2016300
2073800
2019200
2021901
2029700
2023000
2026800
2050400
2029801
2054000
2036700
2050800
2045599
2051000
2030100
2053100
2055399
2035900
2040801
2035400
2043300
2069999
2061800
2063300
2062000
2061001
2067900
2069300
2057099
2071100
2069400
2053900
2060900
2070901
2060400
2060500
2068701
2067300
2079700
2082300
2069201
2069999
2063800
2087000
2083299
2088799
2118200
2072900
2074101
2079400
2080000
2076500
2081600
2080600
2096600
2087499
2088299
2087700
2087200
2086301
2092000
2147001
2098101
2907900
2097700
2092600
2099100
2107000
2120401
2105701
2103600
2106900
2107900
2108500
2132200
2110600
2113401
2112700
2115601
2112399
2119999
2116700
2115201
2144199
2118799
2136100
2123900
2130800
2130400
2121499
2129200
2179300
2138700
2128000
2135300
2143400
2160300
2135901
2154700
2165100
2141300
2156600
2149900
2165400
2147799
2250500
3584200
3571799
3568400
3550501
3648400
3559300
3579401
3621200
2164900
2171000
2182100
2157100
2169299
2168100
2160299
2188200
2169101
2167299
2171900
2174999
2190300
2189800
2174799
2210999
2179499
3121800
2182100
2185900
2186700
2209700
2198399
2213200
2213000
2194500
2222199
2199900
2212000
2317600
2199100
2214201
2192001
2218599
2202100
2198700
2258901
2210099
2208400
2205000
2212700
2208000
2208801
2252401
2213801
2234800
2213600
2216700
2233500
2218400
2235800
2247600
2230800
2225400
2256300
2225800
2246600
2240601
2260001
2251600
2235601
2251999
2250500
2255701
2257001
2251901
2264999
2262900
2246900
2275399
2251700
2275500
2253100
2268400
2271501
2260201
2290799
2276800
2265301
2264200
2273001
2280001
2260900
2289100
2298201
2292400
2282900
2290500
3077001
2394300
2281300
2345601
2296701
2303400
2479300
2329000
2303100
2294700
2331801
2309900
2284899
2487899
2297500
2317199
2338600
2351099
2319100
2306700
2516400
2373000
2305100
3415501
2311901
2335800
2317800
2315300
2308900
2331200
2315100
2312099
2336600
2349800
2322600
2338200
2518500
2316900
2324700
2326201
2326000
2332500
2345000
2341600
2329701
2353300
2354500
2336700
2348001
2408600
2332799
2352000
2352401
2342900
2343901
2361100
2352700
2366501
2372200
2351001
2360700
2351000
2575700
2366599
2369600
2355400
3116100
2370500
2355500
2361501
2409100
2370900
2384400
2374399
2359300
2369600
2366900
2371300
2380900
2369700
2378300
2371800
2386700
2398600
2407399
2395200
2398000
2416400
2414600
2402100
2391800
2389000
2400100
2387800
2403700
2413400
2400200
2393301
2399001
2414700
2416999
2422299
2407299
2399000
2400900
2403300
2407400
2558399
2413900
2429801
2425899
2437899
2419200
2442999
2424299
2422799
2420400
2440599
2421900
2443599
2484699
2440300
2441200
2452900
2435699
2472100
2452800
2439400
2454900
2468200
2449100
2451500
3226600
2470501
2440601
2479200
2458901
2659400
2447000
2479300
2481800
2472601
2468400
2617801
2475400
2599700
2477200
2470800
2512900
2474900
2614900
2487800
2525000
2477500
2506100
2502801
2658600
2491500
2495300
2511600
2505500
2497401
2489100
2640301
2530500
2504900
2518800
2526600
2500201
2686000
2505100
2527200
2521599
2525300
2511999
2537500
2658201
2522400
2568300
2517500
2536501
2525400
2657401
2543700
2541700
2539600
2545701
2533401
2530701
2715101
2546900
2570600
2554701
2534701
2540800
3529400
2546299
2542500
2566099
2568700
2568300
2822301
2560799
2552000
2556900
2570199
2556600
4269400
4269401
4262700
4416900
4435000
3647000
2573200
2571500
2598301
2559800
2723200
2601000
2575000
2581000
2686599
2601500
2729900
2576400
2716800
2622500
2602899
2601800
2722100
2607700
2603601
2585200
2668599
2593300
2770901
2591401
2605801
2617701
2596200
2614700
2599100
2742401
2620101
2632099
2606399
2646800
2637800
2829400
2619701
2653501
2624001
3327699
2601300
2608100
2612900
2610600
2665100
2614100
2618200
2624401
2620200
2624501
2644800
2630300
2627700
2631800
2633900
2628000
2665400
2631100
2648700
2629700
2633500
2639500
2635400
2632700
2640500
2641499
2646800
2639401
2657399
2651199
2651100
2647500
2649201
2662499
2648700
2691000
2655200
2651300
2658200
2659700
2676200
2661800
2662900
2670300
2660900
2710400
2666799
2673900
2671000
2670299
2670700
2680000
2713600
2673900
2674500
2691700
2682301
2735600
3302700
2692500
2679901
2688300
2704900
2691100
2696301
2701400
2701901
2683500
2690800
2703800
2702601
2688400
2695600
2709899
2687300
2709899
2706400
2713501
2701300
2701699
2702400
2713801
2719401
2717199
2726199
3127999
3145899
2747600
2714601
2715301
2714900
2758000
2739800
2721900
2718500
2722300
2726400
2718300
2723701
2725999
2727999
2733100
2746000
2826400
2740899
2757099
2756600
2757700
2774700
2858200
2753700
2747200
2849801
2763399
2985100
3475000
2789899
2755700
2767800
2771199
2762400
2755999
2759399
2761700
2760500
2775300
2772200
2762900
2768100
2771300
2768200
2754701
2757299
2770800
2772000
2770000
2772101
2778000
2789501
2776301
2786201
2781601
2784400
2780200
2780700
2789200
2791300
2796601
2806299
2789999
2793800
2797400
2797300
2785999
2804799
2803799
2792800
2800499
2801600
2809999
2803000
2796100
2813000
2803500
2799600
2811500
2810900
2809399
2806600
2839100
2819101
2823301
2825599
3857300
3583000
2831200
2816600
2821601
2819501
2841001
2871800
2846501
2846999
2840100
2858300
2884399
2865800
2850900
2853400
2871301
2875600
2869000
2877300
2871599
2874800
2875800
2880201
2875601
2865199
2877300
2891400
2876001
2894299
2896600
2873201
2896300
2887000
2904300
2891500
2883401
2902299
2879900
2888600
2893000
2883101
2892901
2891099
2888400
2912401
2892201
2900000
2904600
2903200
2962701
2908900
2901000
2906701
2914600
2905601
2903700
3855300
2936400
2902300
2906100
2910801
2909401
2930700
2921300
2919100
2933199
2932200
2939501
2933601
2931700
2925100
2937800
2965600
2933200
2944099
2942100
2943000
2950200
2948100
2952600
2954999
2959799
2974300
2954499
2953400
2957899
2958200
2976300
2971201
2975401
2972400
2961400
2997800
2982001
2967500
2963300
2974900
2983300
2977400
2976501
2972000
2974400
2986900
2995700
2983100
2995600
3001800
2997300
3011200
3123400
2996000
2994000
3035799
3011400
3007999
3005999
3007800
3009201
3014400
3024501
3022700
3009900
3033000
3027300
3030900
3006900
3028900
3033300
3033500
3039300
3031499
3033899
3046500
3037000
3037801
3025699
3058700
3044800
3024700
3036499
3029800
3052599
3037000
3038600
3045400
3046201
3056101
3044000
3044000
3048000
3050900
3056101
3053899
3055500
3062001
3056800
3083000
3062200
3062999
3062299
3063000
3077700
3070900
3069000
3076001
3090900
3076000
3076300
3079200
3074800
3154101
3099501
3092100
3113000
3148300
3113100
3100500
3090000
3108000
3097599
3113300
3117400
3097200
3104000
3111501
3130401
3119700
3120100
3122499
3104900
3142400
3115800
3113201
3110800
3135000
3145700
3124000
3131799
3120900
3138800
3142300
3129199
3134000
3143900
3143699
3148300
3151700
3135200
3134600
3156600
3156799
3143100
3154700
3180900
3145400
3168399
3163800
3151800
3180800
3161800
3161101
3185800
3196600
3176201
3159199
3169999
3173200
3243599
3170599
3165000
3170200
3169300
3196200
3172500
3171600
3197100
3184499
3192200
3188701
3191699
3198000
3203999
3191800
3187400
3221201
3197400
3207600
3202801
3197600
3200801
3219601
3220100
3198801
3218300
3233001
3235501
3234999
3231999
3222600
3228501
3228099
3216999
3222700
3236999
3231100
3243000
3227000
3220801
3240400
3257400
3235501
3256100
3267900
3245800
3249301
3262300
3265599
3263199
3275699
3271400
3264099
3267600
3270300
3278799
3268700
3263801
3284699
3278499
3281400
3280201
3283999
3286300
3416300
3294300
3291900
3287100
3291300
3296999
3295800
3295400
3298201
3302100
3316400
3299800
3315000
3325199
3303100
3318500
3325201
3319100
3336401
3331900
3933300
3318300
3324000
3324800
3327101
3327399
3333500
3361700
3426900
3325800
3335101
3338500
3345300
3333300
3313000
3317300
3326200
3366700
3326600
3328500
3348899
3329800
3321701
3328900
3332300
3338900
3316300
3323600
3320400
3314999
3325500
3358301
3358700
3366999
3348800
3356100
3354499
3356399
3365299
3352999
3362100
3362699
3374400
3364200
3364200
3373401
3386000
3374199
3366399
3381600
3388900
3403700
3396500
3397701
3395799
3410800
3425300
3396400
3406301
3403099
3420300
3406400
3411500
3408400
3419201
3417800
3409899
3423600
3417300
3415500
3403800
3403600
3404500
3418799
3417900
3415801
3426200
3442000
3437300
3432900
3435700
3425600
3459100
3428100
3435500
3446400
3447201
3452400
3441899
3443300
3462599
3448300
3439300
3458000
3455700
3462101
3458900
3462800
3467700
3476600
3470500
3460499
3470100
3464099
3470600
3475700
3475300
3472600
3489400
3478700
3680200
5527000
5618700
4751300
3479600
3482700
3477301
3483100
3476899
3488200
3486000
3486800
3490401
3490301
3494301
3488800
3493701
3514099
3498601
3490100
3499300
3500700
3505399
3503800
3504300
3507500
3508599
3506099
3512800
3514699
3514800
3506100
3520100
3520400
3518000
3561200
3522401
3524501
3526399
3527200
3531500
3534799
3521199
3533600
3533700
3533000
3537601
3538100
3555100
3537499
3547400
3546500
3549201
3553000
3551501
3555701
3554400
3582000
3560700
3560300
3573000
3556601
3564000
3561899
3573500
3575599
3565699
3575900
3578900
3573600
3575100
3572701
3588000
3575700
3584599
3593200
3590800
3593400
3587700
3628701
3602900
3606201
3598600
3602400
3605201
3603400
3602301
3604799
3621400
3617699
3635701
3614000
3623900
3621800
3619601
3617800
3636400
3622000
3624500
3633701
3628000
3633900
3631701
3627300
3635099
3636900
3632500
3635300
3642401
3647001
3644900
3647799
3645600
3651101
3647499
3651700
3650499
3657299
3656199
3636500
3652200
3652400
3659800
3659801
3656600
3672801
3677701
3675800
3679400
3674600
3678300
3674100
3682200
3685600
3666201
3674200
3667900
3670100
3678300
3671200
3673600
3682300
3672200
3795200
3744300
3704100
3706900
3759100
3737600
3704500
3712400
3726801
3709100
3727800
3716500
3770299
3722201
3720500
3723000
3728800
3797700
3729100
3730500
3728800
3735400
3738899
3738600
3731700
3745500
3742300
3743300
3734599
3748800
3745200
3741200
3749101
3751701
3753601
3756399
3755900
3756099
3761800
3763300
3759300
3769801
3789000
3762500
3768600
3769301
3770700
3772200
3772501
3777900
3797600
3776800
3784800
3780699
3783000
3830401
3787199
3785301
3797700
3795700
3788100
3795200
3802100
3810200
3802900
3805199
3806400
3805800
3811000
3816499
3812999
3811400
3817301
3808800
3820599
3821400
3821300
3822900
3826801
3826700
3827800
3830700
3829199
4409100
6201801
4516001
3850899
3843400
3844101
3850499
3846400
3846801
3855500
3856600
3853900
3853500
3849699
3852600
3864600
3855000
3861101
3866400
3862401
3901600
3873999
3866000
3873000
3880200
3882100
3877900
3881499
3934900
3890900
3878500
3872101
3886701
3887601
3886800
3893200
3889599
3889800
3900500
3905000
3898000
3890500
3877799
3887101
3894701
3887500
3906600
3891401
3914500
3913400
3901599
3921500
3914200
3924600
3926199
3920901
5674700
5859600
3972900
3930300
3960200
3943301
3944400
3937699
3942200
3945500
3937900
3941500
3947100
3955199
3949299
3947901
3952501
3963700
3955499
3966000
4041601
3986300
3978300
3987399
4013900
3969100
3975500
3997601
4007600
4003699
4006500
4013000
4000401
4009200
4020900
4007700
4004300
4004400
4033201
4040500
3992600
4047499
4029801
4055000
4024000
4024100
4038600
4028200
4074899
4094200
4033300
4062701
4032800
4078299
4050200
4044800
4052400
4050600
4063600
4052300
4048500
4029500
4037901
4038101
4032701
4057901
4054100
4076200
4048101
4067900
4057199
4044800
4049900
4084699
4076300
4073500
4068800
4060700
4061601
4055000
4097400
4079300
4064301
4085399
4077800
4092900
4067600
4076000
4093900
4089300
4096700
4087000
4080400
4118701
4101400
4092599
4106701
4104699
4124900
4124500
4122301
4100800
4111400
4113600
4140499
4136300
4142200
4151900
4127300
4117200
4119899
4119800
4145200
4129300
4129401
4131201
4122001
4120099
4128999
4129100
4142900
4133300
4146299
4139800
4136899
4139800
4146200
4161300
4147700
4151500
4147901
4155199
4155201
4174400
4164100
4162399
4163300
4170201
4176500
4158800
4158200
4178000
4171200
4183399
4175000
4181500
4196399
4175000
4188900
4190100
4184900
4193500
4189000
4223500
4192800
4201900
4228600
4194599
4207299
4205199
4252999
4229200
4216000
4238000
4209100
4220700
4218000
4233500
4235600
4220200
4248501
4232300
4226599
4225700
4232401
4238399
4254499
4259001
4240600
4240799
4240600
4266300
4245201
4258499
4239901
4259401
4251500
4249000
4271800
4258700
4269901
4256100
4261700
4271601
4273200
4270099
4270401
4333101
4300500
4285099
4321200
4298800
4295101
4273900
4297500
4305900
4294400
4287599
4292300
4289700
4287201
4298800
4336399
4308001
4295300
4298900
4312600
4305399
4322101
4314200
4314500
4303801
4316000
4325600
4319000
4336600
4316100
4345500
4318899
4345201
4326100
4327399
4365700
4332500
4375200
4352400
4340200
4330800
6646700
4463300
4336100
4336800
4350000
4339601
4361099
4351501
4349599
4365400
4423200
4369400
4367299
4360801
4374301
4364801
4387800
4375800
4394799
4388400
4390500
4381101
4374600
4409700
4406399
4401800
4387300
4413200
4452000
4395600
4389400
4411100
4437300
4407900
4423999
4420000
4427601
4414200
4423301
4436500
4439700
4420100
4432000
4423899
4434100
4428000
4451300
4429499
4431201
4440100
4441900
4444500
4459599
4449800
4444600
4450500
4459600
4466401
4443601
4463000
5851300
4453500
4458699
4479500
4478601
4472000
4489999
4488101
4472199
4483901
4474899
4489301
4477900
4467600
8201099
8780501
8812700
8811601
8822600
8811799
8839800
8836900
8817101
9139800
4748201
4517399
4494300
4494500
4517000
4520101
4510400
4522200
4504999
4505901
4496500
4516199
4504401
4512800
4515399
4513200
4509300
4506701
4507000
4512900
4493200
4517800
4532399
4522401
4515799
4532201
4535499
4538701
4542400
4550699
4547201
4548500
4541300
4546500
4558001
4548401
4571200
4555400
4552600
4554999
4566201
4556000
4568900
4565999
4570001
4576899
4563601
4575600
4574200
4575300
4587100
4578499
4586200
4586900
4587200
4592300
4587701
4596601
4591999
4598501
4595800
4596600
4602600
4603300
4608900
4609800
4605399
4609701
4615800
4611999
4615401
4616300
4615000
4610399
4627101
4619400
4630700
4626099
4649700
4639301
4627099
4634200
4637701
4642599
4641201
4647600
4619400
4648400
4626299
4640601
4647500
4648000
4660800
4658699
4660201
4661000
4660300
4665500
4665700
4674400
4668700
4679300
4667999
4673401
4702100
4687599
4673301
4682700
4690300
4683300
4683300
4703600
4732400
4694500
4696200
4700300
4690900
4707100
4699900
4693000
4710100
4714900
4713900
4719399
4745501
4719400
4699100
4698799
4699501
4718299
4709901
4711800
4721000
4703601
4727599
4730400
4743000
4742100
4740100
4738700
4742600
4746600
4748000
4748500
4758600
4755400
4754100
4759799
4759801
4761600
4761900
4771801
4750599
4762700
4766900
4778401
4778700
4793000
4792200
4771501
4780200
4782000
4779100
4786400
4848500
4798000
4788900
4818100
4796800
4802200
4812500
7298000
6770599
4900500
4833100
4828701
4849300
4846600
4834200
4839500
4849600
4852399
4841101
4842000
4851800
4851399
4844500
4842599
4861100
5004001
4869399
4879901
4854600
4851400
4872600
4858200
4857700
4875800
4861400
4862000
4882700
4868200
4865300
4896200
4866900
4860299
4876800
4891900
4873101
4894299
4887701
4886200
4880800
4899900
4891500
4900199
4902301
4894200
4902800
4911100
4909999
4916401
4912499
4939200
4904801
4921300
4917900
4916499
4944501
4909000
4917400
4933300
4924900
4916900
4963700
4928600
4929200
4976200
4939300
4933900
4957200
4927900
4938600
4958500
4950300
4941800
4953400
4963900
4949399
4957500
4945701
4960599
4983900
4972201
4965199
4982099
4970101
4960600
4988599
4994700
4984000
4988301
4970000
4978300
5010999
4983101
4997401
5013500
4991101
4996500
5013900
4984800
5008699
5007401
4996100
4997100
5012400
5010999
5004800
5010300
5023299
5013900
5040601
5013000
5499600
4997601
4944001
4966500
4968300
4960800
4967100
4980500
4973800
4971599
4992101
4989299
4980901
4987301
4988000
4991699
5003401
4992599
4993401
5011899
5004401
5000600
5012600
5001700
4998400
5018599
5010600
5008701
5020199
5036301
5014800
5021100
5039100
5048599
5024901
5024900
5040300
5024699
5042601
5046500
5048301
5041700
5050400
5065899
5060600
5065201
5059600
5046500
5070100
5054800
5057101
5065599
5051200
5067899
5072500
5064801
5065000
5073300
5069499
5079601
5084399
5075500
5100901
5095300
5078600
5084100
5099499
5087501
5115201
5099799
5107200
5125400
5115501
5095399
5118401
5115901
5135100
5131600
5119699
5101300
5111001
5148399
5147399
5150400
5146399
5156301
5190299
5153400
5170000
5166400
5165700
5162600
5188500
5164100
5174700
5208099
5172300
5177400
5191299
5177201
5178900
5177600
5174400
5181700
5165400
5200999
5191401
5187400
5182800
5206800
5170400
5169700
5174801
5178200
5180200
5179600
5182400
5183300
5190399
5190501
5190299
5206100
5193900
5197200
5200400
5196800
5214200
5206801
5208000
5223299
5215700
5215400
5233599
5216600
5221799
5236800
5223600
5222999
5237600
5265600
5257700
5258300
5235100
5238701
5235900
5240400
5257800
5261200
5242900
5260500
5269901
5254200
5268800
5263900
5250400
5264700
5259300
5266001
5273800
5269300
5267599
5274400
5290700
5283899
5268700
5293199
5290700
5280900
5310300
5291500
5293399
5294901
5297099
5291501
5296200
5308799
5292400
5314699
5300899
5306500
5312100
5308299
5305000
5342900
5314600
5314899
5328900
5326501
5325800
5349301
5315901
5341499
5331599
5339800
5355399
5338700
5346500
5336000
5334600
5345500
5359000
5344601
5345500
5355100
5361000
5368799
5354900
5363100
5372800
5382200
5365800
5418400
5358501
5367300
5397900
5375800
5372499
5396600
5396600
5388900
5382600
5384800
5409400
5379800
5405899
5410299
5384801
5405599
5403700
5406900
5426600
5399000
5596000
5426699
5514200
5540101
5422700
5549900
5422700
5546399
5418100
5424500
5425500
5416200
5441001
5434901
5425300
5466400
5436599
5445901
5493200
5451400
5531800
5450899
5574400
5458900
5446001
5457300
5467700
5465000
5549401
5460701
5474500
5466200
5459899
5470800
5478500
5492300
5478601
5489700
5492199
5489801
5480100
5485900
5501000
5487500
5644199
5500601
5545101
5516401
5504600
5533900
5532099
5495600
5514900
5547800
5509099
5516301
5531501
5500700
5534799
5527601
5513600
5547900
5530700
5534600
5540000
5530100
5550800
5544200
5534200
5543700
5544800
5535400
5550900
5700200
5571700
5545800
5556000
5578001
5593801
5550700
5589999
5566800
5584400
5560000
5581800
5582399
5570100
5575200
5590400
5598100
5601900
5590799
5779901
5639500
5665400
5620199
5629700
5612100
5622299
5713799
5735500
5625000
5609200
5611100
5616399
5619500
5647000
5619200
5675000
5628900
5628800
5614700
5643801
5629000
5641300
5647100
5641100
5697800
5637300
5761800
5671400
5636000
5669000
5663099
5719401
5725400
5666901
5667201
5673999
5668900
5685500
5672900
5664500
5711799
5678400
5683801
5711001
5762300
5695600
5684700
5704000
5695200
5683300
5688200
5696400
5717100
5698200
5704200
5703600
5709001
5708100
5721201
5718600
5722600
5713699
5894300
5734701
5710000
5729501
5729800
5714500
5759600
5736000
5800800
5773001
5768800
5799200
5776301
5753001
5884500
5741999
5751000
5757200
5768100
5774800
5762000
5762400
5777801
5782301
5765500
5901500
5772401
5928700
5773601
5927000
5782599
5780700
5791300
5786299
5777700
5799900
5779799
5798500
5919800
5829801
5809200
5794500
5812700
5791100
5957600
5850200
5794300
5831400
5802499
5954600
5836600
5809500
5958101
5825900
5817800
5849901
5820900
5876001
5837200
6092100
5856300
5846299
5946300
6000400
5847901
5872100
5851701
5912601
5896301
5900799
5922600
7675000
5960799
6098801
5932400
5959600
5942599
5962400
6060600
5976400
6121499
5955200
5952400
6086400
5969901
5963200
5993700
6063199
6127199
5963000
5964100
6064800
5959700
6033000
5976700
5989401
6006600
5976500
5966900
5990501
5987800
6054600
5993500
5986800
5991900
6011400
6002101
6014000
6000999
5994600
6002299
6000500
6067800
6014799
6022799
6053700
6006000
6047100
6033400
6024600
6067501
6159900
6027500
6008800
6007900
6039000
6005900
6030100
6050200
6026800
6073201
6030099
6042600
6057899
6037299
6085300
6047100
6047499
6168700
6189500
6059700
6073200
6048500
6075600
6060500
6074100
6074599
6068400
6104300
6081001
6066201
6155200
6100400
6110500
6197699
6087900
6100300
6063501
6108900
6120900
6092100
6121700
6110501
6106801
6725900
6084400
6141999
6117700
6100800
6154001
6138800
6146400
6128700
6126000
6154500
6137099
6136300
6180901
6149300
6198201
6145200
6257900
6145800
6146801
6208200
6161000
6138800
6176200
6164500
6175701
6161100
6148801
6270300
6172001
6180201
6205200
6184801
6176400
6178001
6186900
6198000
6181500
6205200
6212601
6189700
6289400
6187500
6228500
6190100
6197900
6359500
6187200
6340500
6220000
6208500
6231999
6330900
6221500
6221900
6220600
6258400
6226800
6346600
6238900
6224600
6252299
6233600
6229299
6389099
6237400
6273899
6301800
6223500
6324299
6259599
6281300
6263600
6246000
6279200
6264800
6304101
6257999
6308099
6263899
6284500
6304200
6267400
6306700
6274699
6284200
6320700
6277501
6297301
6320100
6400401
6336400
6289699
6301600
6299400
6303101
6859900
6303099
6308199
6318700
6302299
6333300
6334400
6313300
6389200
6318001
6370000
6339500
6353700
6338800
6333599
6371099
6380100
6380801
6353500
6527200
6424301
6347999
6366800
6386201
6348100
6395399
6375700
6370500
6364599
6370699
6431599
6396200
6513000
6375700
6409199
6387599
6384199
6426700
6386701
6424100
6387600
6406700
6684600
6409401
6553100
6409999
6410600
6561000
6410500
6433799
6551999
7284100
6397300
6446301
6533400
6422200
6415399
6435000
6431499
6852100
6621000
6449900
6566499
6465900
6556201
6453001
6437700
6468701
6443099
6472800
6457201
6488499
6460099
6454700
6472600
6475699
6468300
6485399
6493200
6485000
6503101
6621700
6483000
6515400
6496700
6508399
6487900
6557700
6516400
6513700
6517400
6505201
6520000
6507200
6530000
6511600
6533700
6546100
6654600
6538900
6524600
6543900
6533900
6544500
6536699
6547200
6642900
6542300
6550801
6674200
6688800
6544700
6564001
6552300
6563599
6576000
6631000
6575600
6560500
6592599
6563600
6584200
6590000
6581500
6679399
6623400
6586601
6595601
6604900
6596400
6596800
6592200
6596500
6620500
6597901
6617600
6604800
6609300
6611501
6617900
6614501
6745999
6632000
6622500
6649099
6625300
6628300
6645501
6643000
6627101
6641501
6649100
6638201
6657699
6639100
6662801
6654400
6662700
6785701
6654700
6678400
6659001
6672900
6660800
6672000
6668300
6708301
6659200
6667700
6845100
6699899
6691299
6695800
6696300
6688901
6701700
6694300
6701400
6694900
6700900
6708901
6710800
6709700
6710901
6728100
6711500
6723601
6711900
6720300
6760599
6726500
6756201
6870400
6743000
6733900
6723299
6748700
6874899
6738299
6740400
6748400
6746100
6764900
6749501
6766200
6762599
6765699
6753199
6767999
6767699
6891300
6781800
6772300
6815601
6769299
6796699
6775600
6794400
6782500
6806599
6845600
6788500
6797699
6797799
6813099
6793000
6812500
6953399
6826000
8055799
6869101
6844600
6790000
6791500
7135101
6788300
6856600
6915499
6975700
6844799
6933600
6867100
6816301
6975300
6939000
6828299
7084000
6825800
6891399
6826699
6918099
6831000
6866700
6901099
6940800
6900799
7096900
6884800
6878900
6988000
6908101
6894400
6922400
6880100
6880000
6934401
6916501
6917101
6900500
7066499
6875200
6905100
7001800
6895800
6940700
6972700
6911400
7006700
6914201
6981400
6905900
6960001
7063200
6920600
7012199
6920400
6982400
6930700
6960900
6979899
6941700
7086301
7623400
6996700
6933800
7089799
7111100
6949601
7005100
6965200
7002400
6964400
6980800
7060900
6964299
7025799
6984500
7028200
9756601
7014800
6995401
6961301
7069900
6999400
7027301
6995900
7175000
7017400
7023700
7086500
7016801
7059599
7098100
7048100
7047000
7005999
7073299
7031800
7094000
7040499
7018800
7081701
7027000
7117200
7041101
7105101
7041400
7053600
7107500
7065000
7180299
7053100
7253300
7052799
7141400
7152500
7067899
7124400
7074501
7100200
7121599
7075100
7140599
7068600
7210799
7112100
7129700
7101399
7094700
7182101
7116900
7149999
7100299
7141400
7204201
7103000
7159299
7094100
7183700
7139800
7183799
7105500
7192100
7130900
7111000
7207701
7130301
7181400
7135199
7252100
7120800
7205199
7196400
7157699
7211900
7130800
7204299
7167400
7173599
7203700
7172800
7226701
7170600
7205399
7283899
7192599
7241599
7259100
7275300
7175900
7237701
7196601
7235300
7199500
7186300
7257001
7191800
7265700
7222901
7248800
7221099
7468199
7295500
7214300
7337800
7221601
7279200
7220200
7281101
7238700
7241100
7280299
7257100
7309999
7233800
7290099
7321700
7276500
7415600
7261600
7296499
7323200
7312400
7263600
7301800
7282299
7273000
7321200
7272201
7404800
7411501
7441999
7329899
7441700
7293300
7787200
7402400
7423100
7373700
7399500
7360201
7322101
7344400
7302900
7309300
7353000
7460400
7383201
7398900
7403399
7340300
7408400
7396400
7336099
7369500
7528601
7398200
7340600
7387200
7362901
7419801
7349901
7359900
7425899
7394700
7410300
7409501
7417200
7378501
7382999
7377900
7419999
7385800
7369800
7484100
7379201
7557401
7440301
7422400
7382600
7444100
7412599
7385200
7493100
7397700
7459400
7387501
7472300
7414600
7461000
7409600
7444800
7470001
7421899
7544200
7424000
7577901
7424299
7492200
7436001
7489301
7430100
7582400
7490800
7505100
7495101
7507000
7516200
7495099
7515000
7480800
7529800
7613500
7505600
7521400
7465200
7524001
7481599
7520300
7488900
7667399
7547200
7612300
7530699
7565401
7592500
7514600
7596099
7524699
7600400
7545100
7580700
7542900
7674400
7522900
7987001
7716899
7541500
7716400
7543500
7592501
7557601
7590501
7645901
7740099
7602299
7743200
7546000
7618001
7732201
7557299
7600499
7549500
7606601
7584100
7610301
7573800
7805700
7601400
7628599
7587899
7584300
7755800
7588400
7671999
7580500
7647900
7615401
7658300
7603000
7797500
7603901
7728401
7638801
7630400
7717001
7684400
7677499
7649199
7711500
7669699
7699300
7881300
7703900
8049301
7744600
7695801
7673000
7750400
7670201
7762000
7672700
7752000
7668101
7752500
7672800
7775299
7754700
7813300
7693499
7745501
7657999
7683700
7722200
7654700
7758601
7679100
7790401
7767600
7744700
7712599
7788999
7718099
7780000
7712100
7819700
7743000
7827900
7802799
7755899
7821300
7762201
7911700
7743901
7912101
7757300
7821800
7749400
7810701
7761700
7810200
7812300
7968700
7816800
7846700
7775600
7848000
7861900
7775500
7847599
7785100
7841000
7825201
7812600
7796699
7841600
7798800
7810499
7786199
7852000
7812200
7862299
7815999
7803999
7865899
7779900
7867200
7810800
7854300
7822399
7854900
8005500
7876500
7824700
8170501
7825400
7864701
7845900
7901200
7958700
7892299
7849600
7859200
7878600
7840500
7888300
7858500
7933300
7857600
7908399
7867100
7924400
7869600
7902599
7873300
7915199
7887600
7920900
7882801
7915599
7955299
7934600
7921300
7928401
7937700
7904100
7960100
8660200
7953400
7905000
7981700
7932500
7980900
7903500
8088800
7937000
7985301
7922101
8023301
7927299
8364200
8625200
8002200
7952700
8057600
7957300
7998900
7949000
8025700
7948900
8003201
7950500
8015900
7969100
8019100
7959199
8163400
8036699
7978800
8044900
10487200
8044100
8037299
8142600
8027901
7991101
7982200
8064700
7997300
8046600
7994200
8079200
8010301
8045400
8005000
8086100
8006099
8113000
8008001
8088800
8027799
8077899
8020100
8109801
8163700
8160200
8190799
8097400
8047701
8088501
8100000
8093300
8063900
8104800
8060800
8120700
8073601
8185601
8063001
8131999
8069600
8124601
8174400
8118300
8083199
8091600
8136400
8096399
8140100
8085500
8176999
9020201
8152500
8135400
8171400
8111101
8150300
8142700
8207900
8173199
8172500
8142101
8166300
8131300
8305699
8289200
8193300
8173900
8296600
8157700
8202901
8150400
8325100
8164200
8229001
8153001
8231401
8169200
8298200
8164999
8216399
8195299
8282600
8184201
8228101
8190301
8270000
8192400
8246801
8188901
8251699
8191200
8265600
8201599
8286400
8197800
8248200
8223100
8515100
8228100
8287600
8217301
8270500
8259299
8263400
8278601
8328801
8459300
8313800
8282501
8335100
8249300
8377900
8258900
8289200
8263601
8296599
8276999
8329000
8263599
8409000
8294499
8373800
8281200
8338999
8303800
8579000
8287300
8355901
8281499
8341600
8316800
8345900
8302700
8369700
8304600
8346299
8702799
8341800
8331300
8383801
8343999
8426000
8361801
8364200
9207100
8468500
8349700
8390501
8338699
8453000
8383600
8470400
8347900
8464499
8349900
8404000
8497499
8382800
8401900
8382401
8410901
8378600
8438600
8366100
8458800
8392400
8421601
8476399
8454600
8492101
8483100
8404100
8570901
8416099
8440700
8403001
8674400
8497200
8468100
8435100
8497799
8442499
8473599
9011100
8412000
8431900
8540600
8451000
8441600
8422700
8495700
8550800
8457701
8464601
8471600
8465701
8460401
8448701
8487000
8637400
8527500
8486500
8493801
8623300
8473199
8640199
8493999
8512700
8504700
8502000
8525801
8593000
8509601
8511399
8529100
8516900
8514800
8528900
8511499
8528800
8526999
8551199
8532600
8661699
8598500
8533201
8579000
8527500
8571701
8734200
8562100
8560500
8611399
8573800
8561400
8564801
8610099
8562800
8588000
8565700
8592899
8592700
8584700
8584400
8584900
8597901
8592901
8618500
8608700
8599301
8606500
8601900
8618601
8596000
8624000
8624101
8617501
8681699
8628100
8631301
8623201
8625299
8635200
8614900
8635600
8629000
8652701
8655000
8648699
8784500
8653600
8757900
8656500
8646001
8668000
8660001
8777201
8663000
8717900
8680401
8672700
8686300
8687900
8707599
8695300
8676301
9064400
8678201
8732700
8695699
8721500
8706001
8730000
8720301
8718101
8727801
8712900
8719501
8727400
8854200
8757300
8735101
8739201
8738499
8739000
8775600
8731000
8792800
8758300
8753701
8762500
8754701
8761900
8764201
8770701
8775400
8770901
8942900
8860900
8794001
8931001
8787800
8917900
8793900
8806300
8787400
8774400
8849601
8792000
8801399
8802500
8818900
8807600
8802700
8844100
8812600
8817600
8819401
8821300
8972500
8976299
8832600
9113900
8839201
8840901
8932101
8860201
8886500
8898901
8932599
8846001
8852100
8861101
8858000
8894600
8859201
8873801
8865399
8873600
8882301
8995199
8896300
8898800
8902400
9014600
8919999
8991999
9023300
8933699
9051100
8933400
8988000
8910600
8952100
9040200
8910200
8935801
8928200
8929000
8947499
9034900
9035200
9033299
9009399
8942400
8932501
8937700
8954000
8939400
8970501
9011000
8962000
9028799
8954700
8972300
8965701
8976100
8971101
8969400
8996901
8979000
9000399
8983700
8995100
9089699
8984000
9005400
9004599
8999500
9007500
9004100
9019100
9078600
9015401
9252200
9009900
9022100
9082300
9022700
9012700
9022099
9031400
9045701
9047200
9058501
9037600
9047499
9044400
9032401
9067800
9206100
9072300
9068900
9054400
9064000
9076801
9058699
9065800
9203900
9080000
9086400
9075599
9104100
9089701
9099300
9107899
9089500
9108000
9101599
9106400
9104500
9106900
9119000
9111200
9109900
9112400
9119699
9137500
9250200
9141999
9173999
9143100
9136600
9155199
9364400
9193100
9181601
9162200
9165199
9150200
9175500
9208101
9154799
9176299
9161399
9180700
9235400
9170900
9211599
9173800
9194000
9201900
9187900
9192301
9216801
9187700
9199099
9200400
9211199
9216500
9443501
9333600
9165901
9136599
9182600
9146601
9247799
9162900
9133600
9194501
9197100
9172500
9138899
9134100
9164001
9160401
9157900
9280600
9212200
9184700
9169000
9173300
9200900
9216300
9178201
9174400
9178901
9177700
9266300
9192601
9196300
9423400
9186100
9202000
9209901
9198801
9252000
9210300
9222400
9203300
9205500
9211000
9237901
9297300
9262500
9504301
9423100
9798200
9408901
9284700
9440400
9401800
9370900
9495701
9338200
9451399
9462500
9554300
9506900
9398200
9452700
9377301
9439400
9385500
9541000
9399100
9464700
9436500
9383100
9413001
9387800
9444900
9386400
9534801
9581200
9395900
9517400
9393601
9573000
9517799
9547301
9509600
9474201
9510000
9442300
9514900
9563400
9630100
10883700
9523400
9505500
9531600
9528200
9516200
9467400
9536000
9464700
9701200
9461100
9550400
9536001
9473200
9529500
9480500
9561799
9756100
9544800
9622600
9485701
9544000
9478200
9559900
9537800
9547300
9639001
9485599
9598301
9522301
9749200
9568700
9559000
9618300
9493800
9645000
9564500
9591900
9592799
9667901
9636801
11283700
9623000
9580100
9712501
9625799
9560301
9629199
9601900
9600399
9634401
9970400
9811600
9587100
9666799
9681100
9599800
9610900
9609601
9617900
9573000
9607801
9664600
9656099
9657400
9591000
9703800
9654700
9664900
9683099
9612701
9697299
9663699
9656600
9672499
9697900
9697900
9694600
9703400
9697800
9878799
9896300
9677600
9764500
9737800
9740400
9761800
10280200
9759700
9673699
9759200
9744499
9739800
9812800
9691100
9813299
9841399
9778299
9782400
9726101
9864301
9745700
9675500
9745000
9702300
9830400
9703799
9770500
9807699
9738800
9790601
9728600
9832400
9805801
9742900
9798800
9717199
9789101
10300399
9828601
10002701
9865900
9821500
9802899
9788301
9889500
9765099
9885101
9824200
9789500
10020399
9774101
9952500
9818300
9755800
9850000
9814800
9882500
10043600
9858599
9833601
9802600
9947300
9829100
10180400
9881900
9827400
9876700
9767500
9910000
9921400
9834001
9921199
9842299
9923300
10042000
9916300
9958400
9866599
9934100
9997000
9875100
10264000
9866299
9970100
9943501
9910400
10027100
9885199
9967400
9960600
9935499
10002000
10021300
10021400
9940201
9931500
9973200
10054399
10099699
9971701
9919300
10010401
9918401
9988899
10050401
9936400
10009599
10067400
9995800
10011400
10055799
10013200
10140301
10139099
10017901
9979099
10190401
10058200
10110299
10047500
11319799
10060399
10042900
10045800
10046999
9989801
10071600
10032300
9951100
10313599
10114301
10216399
10118600
10006599
10087601
10043400
10030800
10124901
10078200
10223700
10196900
10032200
10227000
10018200
10355600
10238100
10051900
10177200
10031701
10156200
10154100
10141799
10190001
10253900
10246600
10117800
10036299
10152400
10149499
10074300
10264900
10057201
10224600
10200900
10099601
10194400
12960099
10027101
10135800
10208201
10038700
10055899
10036301
10059800
9996600
10042400
10032101
10038501
10021799
10158601
10134300
10035500
10047500
10015000
10100700
10078100
10324899
10038101
10071600
10077300
10319300
10082899
10259400
10196300
10085699
10066201
10095300
10070000
10070399
10081800
10105700
10078200
10121500
10113899
10085300
10108500
10112199
10123400
10092501
10159801
10105600
10225300
10131099
10129400
10124400
10126000
10122499
10149100
10178700
10162100
10172300
10161399
10158001
10173700
10184899
10215599
10168201
10267100
10154800
10158200
10167701
10172401
10149100
10148301
10181800
10311900
10171600
10203500
10202399
10330201
10213100
10231599
10205501
10328199
10387301
10185700
10210700
10370500
10209000
10221900
10214300
10256999
10315301
10238800
10227800
10251899
10291899
10268501
10505900
10344601
10296100
10279801
10271800
10270500
10253200
10259100
10275000
10391500
10438800
10378701
10360000
10345700
10417300
10435301
10325501
10334200
10407801
10395700
10444600
10444200
10509800
10377000
10381600
10361499
10340801
10335600
10333100
10372900
10448301
10491500
10390901
10370001
10363100
10352400
10359599
10336401
10370601
10370200
10382700
10338199
10396600
10334000
10358300
10382700
10372600
10512201
10408600
10407700
10377500
10373600
10359200
10386000
10438500
10628900
10380100
10418700
10436600
10443899
10412601
10593400
10437899
10410001
10464200
10410200
10407700
10418500
10416199
10438801
10438800
10450300
10449400
10679401
10442600
10580500
10439200
10429800
10463200
10444201
10461200
10466099
10461701
10454599
10483601
10444999
10751801
10513300
10502900
10457900
10508801
10495899
10500600
10496800
10491300
10538100
10527401
10540700
10514199
10493401
10513800
10507899
10533000
10520901
10671300
10525400
10531600
10538800
10542301
10533800
10550699
10529201
10560501
10535999
10566401
10559999
10550001
10548000
10567001
10680100
10557500
10553000
10593000
10563800
10674699
10715300
10736101
10569100
10591700
10702000
10708800
10637500
10602099
10598701
10584601
10616900
10601900
10596800
10612400
10639800
10668800
10621900
10630500
10640600
10631801
10644000
11019100
10627400
10637400
10649399
10693900
10669900
10669899
10717900
10638100
10724901
10693799
10818100
10686000
10690999
10678001
10673300
10676000
10698500
10678000
10682300
10806300
10829500
10693900
10688100
10706999
10764700
10684700
10715300
10748501
10717501
10695100
10707399
10716100
10799301
10722000
10735801
10998100
10729700
10717900
10835400
10727299
10725701
10762900
10899000
10736900
10761900
10755800
10756699
10782701
10756200
10763500
10768101
10780300
10936099
10846201
10890300
10860499
10898899
10985200
10906200
11170900
10929700
10892800
10860300
10889400
10864900
10868300
10908300
10890401
11005700
10866500
10876800
10876400
10853600
10963800
10882600
10872599
10871400
10913900
10907000
10971500
10894299
10889701
10868900
11008500
10876100
10939601
10914600
10891599
10881700
10989901
11108101
11084100
10931100
10922800
10928299
10901700
11272700
11010099
10959999
10924200
10979799
10958899
10990400
10979100
10979500
10964199
10942101
11001501
11014199
10973899
10980600
10981400
11024399
10995801
10978300
11004200
11006099
10974199
10962200
10989101
11034401
10985501
10967901
11028200
11028300
11017700
11007500
11026600
11010000
11013900
11008300
10992700
11029499
11069900
11020099
11045401
11042000
11118499
11034499
11168601
11054600
11022000
11040300
11064001
11065200
11036301
11094000
11140700
11091500
11144600
11411299
11057901
11064199
11076901
11094600
11075801
11104300
11178901
11094299
11119100
11097700
11097101
11124201
11131699
11155401
11115400
11144500
11124501
11093300
11261499
11224000
11178200
11219000
11272601
11216100
11129800
11148000
11194901
11138799
11156899
11174500
11205900
11241700
11174500
11330800
11181799
11186200
11240201
11402799
11196900
11177300
11173500
11164601
11295600
11241799
11195900
11316100
11325401
11304601
11194899
11227101
11262300
11210200
11219200
11486199
11234901
11234301
11246501
11236800
11239399
11252200
11254201
11239000
11236700
11278700
11258301
11345700
11268300
11265500
11297300
11278200
11280800
11314100
11277499
11274501
11290499
11306000
11288301
11315400
11276000
11344700
11316500
11318301
11329500
11373500
11453500
11344300
11310499
11339899
11337400
11351500
11308100
11319400
11325000
11344200
11461601
11427600
11382200
11398301
11379700
11359600
11395899
11510200
11388800
11543600
11394999
11382700
11703600
11376700
11369800
11457599
11397101
11367600
11395100
11396700
11440200
11375100
11396600
11438500
11422100
11399001
11412999
11435200
11396799
11430400
11462301
11446000
11433001
11419499
11432799
11457401
11617600
11519700
11477199
11539400
11593100
11475199
11549199
11535800
11488201
11592499
11482300
11446200
11461899
11497200
11468500
11489300
11483500
11673500
11515700
11537100
11496200
11510600
11649700
11482901
11509599
11502600
11518700
11576400
11838799
11513900
11513200
11532099
11537400
11652701
11518600
11666600
11541400
11602800
11525200
11593700
11568201
11610701
11698899
11573000
11607000
11584800
11563099
11751200
11566801
11569400
11591800
11622600
11582400
11574400
11605300
11683301
11605900
11588100
11616801
11598100
11617300
11617200
11629401
11683299
11667901
11697900
11621500
11681000
11650700
11633700
11637600
11760899
11651801
11642200
11628101
11669799
11836601
11652200
11695501
11795300
12324201
11666500
11679800
11697900
11650700
11670199
11718701
11662900
11681200
11796100
11730199
11755499
11792700
11712600
11932800
11732901
11715200
11727300
11729500
11756601
11708900
11858300
11751200
11929000
11731201
11837200
11777901
11759700
11751300
11758500
11816500
11840400
11746500
11817200
11765201
11798100
11779600
11787900
11797900
11791900
11773900
11795399
11763100
11827600
11782900
11827800
11854799
11804900
11795900
11793699
11812700
12107901
11809701
11821299
11833800
11844100
11837799
11820100
11841899
11857599
11856399
11874600
11907100
12151599
11847300
11870600
12056600
11863401
11857801
11969400
11882600
11909200
12021299
11875299
11890299
11906699
11950600
11899601
12084700
11880300
11898801
12225599
11926800
11925900
11912899
11887600
11956100
11943600
11945899
11944601
11965600
11944400
11952699
11949299
11957500
11963399
11955800
11993399
11991100
11965700
11954400
11942699
12212300
12118801
11972801
11970800
11961899
12003300
11995199
11989500
11986300
12045600
12047600
12037700
12023600
12007000
11987000
12054399
12044100
12156701
12016800
11994500
12043900
12021200
12065401
12046900
12004000
12024900
12035601
12055299
12050300
12034399
12045700
12140100
12096999
12050100
12052201
12057400
12071199
12199400
12068000
12060700
12194900
12097999
12085699
12102300
12102800
12082000
12092300
12087799
12142699
12218500
12393500
12085799
12100300
12123900
12172100
12145801
12156300
12145701
12192900
12160400
12175400
12167399
12214100
12195800
12267001
12162699
12175300
12180201
12204700
12186800
12205900
12204000
12390700
12192400
12254699
12307300
12200100
12203200
12236900
12345699
12249699
12241999
12224400
12213999
12229299
12255499
12250300
12235201
12331800
12367300
12275400
12268801
12231900
12262901
12260700
12233500
12294900
12283600
12270600
12557600
12228600
12242599
12279900
12285101
12284200
12287401
12319701
12258100
12293400
12285601
12310499
12307000
12411399
12290099
12385400
12345700
12325300
12497801
12301800
12312099
12313000
12325801
12312300
12331001
12396200
12385601
12391000
12730300
12396700
12384400
12532001
12377101
12390300
12484899
12428900
12401699
12384000
12383000
12396101
12406801
12419900
12412700
12404499
12402300
12407099
12465200
12396199
12378599
12400701
12715199
12405700
12423201
12415800
12399000
12504600
12601901
12424200
12415700
12447601
12433100
12434800
12467800
12491600
12471901
12540000
12478000
12529999
12514899
12505700
12510299
12507000
12488100
12494501
12573799
12611600
12518100
12509299
12532099
12520000
12541899
12541100
12499201
12510501
12573799
12548299
12552900
12517801
12552100
12540900
12553400
12734300
12528099
12514300
12532501
12656799
12580500
12523400
12537400
12891999
12578000
12576100
12596299
12592199
12596700
12647999
12641600
12587900
12579500
12572100
12612700
12637800
12600499
12593399
12645000
12779700
12610701
12586200
12594800
12601400
12583300
12762899
12602600
12637400
12639501
12647300
12653301
12639799
12630300
12633999
12639499
12694800
12660400
12656700
12665100
12668699
12956000
12734200
12650200
12673900
12658000
12719800
12698000
12677699
12729400
12694100
12706800
12972400
12698700
12708700
12711801
12711501
12708200
12839600
12708001
12704600
12725099
12772299
12735100
12718500
12725000
12784000
12819300
12809400
12814300
12811700
12966701
12827800
12785499
12750900
12749800
12799099
12779000
12789300
12763300
12787299
12788799
12777399
12785200
12796200
12812100
12800901
12791800
12806300
12782400
12816500
12815901
12799400
12816901
12813999
12862300
12802100
12814501
12861599
13144300
12945200
12903700
12889400
12831199
12850700
12877700
12902800
12864599
12850300
12872700
12873700
12944101
12873400
12876200
12899701
12963499
12984400
12888200
12978100
12890900
12909300
12939301
12902300
12904400
12900300
12902900
12920999
12935700
12984801
12931800
12952699
12959300
12989800
12933301
13024900
12948800
12952000
13280101
13146499
13057400
12951600
12961500
12953000
12968301
12984599
13291599
12970700
13114099
12977000
12987399
13007200
13001100
13014799
12983700
13014199
13032000
13015799
13057500
13162299
13059499
13208000
13074901
13070300
13201700
13090300
13053300
13085700
13125300
13088100
13043401
13085900
13065400
13058100
13062200
13072400
13068199
13073200
13088300
13089200
13093400
13074900
13057900
13101001
13093400
13132600
13094901
13125501
13118700
13118900
13156600
13146200
13464900
13130001
13136201
13164600
13135300
13127399
13153100
13122300
13158300
13163200
13159500
13305800
13183200
13179500
13252299
13192900
13229199
13202299
13253800
13234400
13223800
13318901
13216299
13239200
13253800
13327101
13423900
13231901
13222301
13264001
13249100
13264800
13252900
13249500
13269200
13267100
13266601
13280901
13271500
13262000
13287100
13245001
13457400
13258500
13278001
13314201
13544600
13276899
13268300
13293099
13452800
13254500
13280799
13292599
13280699
13315500
13293001
13340601
13301400
13303199
13276600
13330800
13316400
13321401
13354300
13301200
13298999
13347500
13322701
13375600
13340400
13323800
13337600
13400001
13373900
13379100
13420800
13462500
13423300
13392700
13408000
13451401
13436200
13409599
13412600
13426200
13444299
13409200
13563201
13420900
13616099
13563899
13437700
13610901
13449199
13445700
13457799
13480200
13454000
13488400
13471900
13530300
13473400
13471000
13566600
13487000
13499800
13475499
13478699
13484400
13476000
13487500
13491301
13632900
13466001
13489301
13541500
13496701
13511900
13488900
13474301
13505799
13538999
13498000
13522001
13486400
13542801
13513000
13501999
13578700
13506600
13518299
13511100
13596100
13557300
13839399
13847100
13559300
13521001
13553900
13588400
13546800
13621500
13600801
13578500
13574800
13588201
13570299
13562600
13601501
13573199
13605100
13608100
13590200
13616599
13768401
13613800
13627001
13613300
13701900
16674501
14121600
13687900
13683800
13768600
13700200
13932399
13674000
13680200
13690700
13657799
13688000
13732300
13686900
13814700
13702701
13706300
13673299
13672600
13687100
13984901
13714300
13680700
13706101
13664901
13683800
13694601
13684501
13759000
13939500
13701700
13719300
13710799
13754199
13929100
13772101
13851300
13723000
13798901
13790900
13800401
13736699
13782000
13756299
13786000
13903899
13797000
13939500
13800000
13801599
13811000
13840000
13782901
13815300
13832001
13859900
13849300
13821600
13992100
13815299
13857499
13818700
13948600
13858300
14004200
14179299
13882400
13951200
13859600
13868300
13848000
13843801
13841301
13843500
13885499
13873499
13882000
13848900
13977999
13942100
13874200
13869500
13863199
13909500
13946900
13919399
14002600
13876801
13923501
13909201
13907000
13931500
13944900
13907901
13923299
13935600
13987100
13946400
13931000
13958600
13966699
13952500
14069199
13991400
13966300
14006000
13989700
13971500
14294000
14001600
14096700
14007900
13973600
13988700
13976199
13999199
14032800
13993799
14063400
14023300
14112900
14003201
13986700
14001800
14178001
14063300
14007800
14016600
14014900
14029700
14169900
14065300
14050700
14015599
14041000
14120099
14050700
14062101
14100400
14067600
14193901
14053600
14077801
14098900
14052600
14059100
14084101
14067900
14070100
14150599
14096900
14361901
14137301
14107699
14223500
14159400
14172100
14238000
14115101
14128699
14134399
14125100
14139800
14161099
14156200
14162101
14190901
14166901
14179601
14175701
14185100
14142000
14180199
14196400
14186600
14256600
14149999
14204700
14161100
14175800
14181701
14191201
14235300
14181700
14214599
14188300
14226000
14208000
14253200
14197201
14222501
14238101
14223099
14224999
14511900
14256501
14272899
14301700
14368600
14341799
14253300
14262500
14252200
14268301
14263600
14292600
14323300
14332401
14322100
14301401
14281500
14286801
14323700
14621400
14300000
14411601
14327900
14274899
14385900
14371200
14367300
14339900
14343600
14496201
14410701
14402200
14412200
14358999
14435300
14350400
14351300
14347200
14362300
14355200
14403700
14517799
14675400
14403601
14464300
14373300
14360301
14375400
14375199
14362999
14407600
14381100
14387800
14419300
14428300
14396300
14383301
14409799
14520000
14425500
14423601
14447000
14493500
14440700
14441200
14424101
14437000
14435500
14429699
14466500
14443200
14446300
14471200
14463000
14462700
14462500
14510401
14477600
14495200
14468601
14484500
14699400
14486800
14527800
14765400
14577100
14474000
14549401
14516700
14653399
14527801
14643600
14499700
14560700
14538800
14603400
14523400
14523500
14545000
14568000
14703799
14595900
14590800
14539700
14558699
14577500
14710900
14695199
14566600
14563001
14571700
14583900
14565799
14580700
14571199
14594299
14788099
14582500
14605500
14601399
14719900
14581400
14620400
14602200
14614100
14900400
14618001
14752501
14612199
14656400
14624401
14648801
14651601
14650501
14623901
14640700
14646100
14657300
14759201
14651201
14816501
14660600
14662800
14666800
14679101
14666800
14769900
14679899
14725000
14707300
14674101
14732000
14699600
14710300
14846300
14845200
14756999
14855600
14718800
14726000
14735399
14733300
14742600
14731900
14731001
14801500
15053901
14883600
14884100
14775800
14803501
14794301
14775400
14881200
14758600
14898200
14794999
14850099
14770100
14856299
14901500
14791701
14824299
14808000
14874900
14792399
14795200
14813100
14843799
14814400
14824900
14876900
14855400
14885701
14897200
14870100
14877900
14854900
14864999
14888700
14892700
14862101
14882600
14853600
14929000
14873099
15308100
14861300
14863501
14889300
14893200
15025900
14902699
15069800
14895101
14900400
15067001
15005200
14944100
15048800
14936300
14966300
14946701
14966900
15067301
14932000
14944299
14932700
14946501
15768901
14953700
14956501
14935800
14960300
15019700
15019900
14982600
14998700
15035200
15008301
15005200
14987300
15137300
15059500
15055200
15110901
15105800
15428100
15058600
15015200
15016200
15045599
15123400
15019700
15052200
15061700
15099800
15111199
15053199
15092600
15067799
15053400
15067000
15078299
15043500
15109000
15064300
15145801
15072701
15069499
15102300
15092300
15105700
15111900
15088300
15112000
15117700
15113801
15103400
15181500
15130300
15214300
15117300
15106600
15235001
15166100
15134600
15411700
15159899
15134000
15141400
15141100
15177099
15188299
15159500
15137700
15318400
15160700
15177199
15170399
15198699
15248199
15199899
15192401
15207099
15720100
15404700
15205700
15329699
15238300
15206901
15213600
15203200
15234701
15233400
15231900
15224599
15267800
15336499
15251400
15257300
15286400
15247800
15239600
15268399
15317000
15275201
15603200
15302400
15272200
15311599
15427800
15276300
15275500
15306001
15300701
15293299
15304300
15342499
15400599
15445999
15316700
15326900
15330800
15379301
15337500
15340400
15335601
15351399
15362100
15366900
15348400
15340300
15358000
15370199
15357500
15491999
15365900
15382400
15388700
15379000
15386901
15379900
15397100
15393100
15546399
15719699
15484500
15429700
15434899
15414699
15393900
15466700
15422800
15415901
15444299
15426400
15447499
15472600
15452100
15439500
15448400
15477800
15464099
15458000
15475600
15474100
15484599
15489899
15557200
15460501
15486400
15474899
15487800
15489600
15511699
15539800
15494200
15588101
16430801
15482901
15591200
15705099
15579100
15647099
15600799
15613999
15638901
15639300
15624800
15646600
15909199
15620800
15636999
15644500
15829600
15838200
15705600
15733300
15836400
16581400
15679700
15692600
15684200
15656300
15685900
15722900
15738100
15716000
15930300
15736300
15767100
15754900
15859300
15731900
15732500
15851100
16152699
15826300
15881999
16007100
15740199
15908500
15763600
15717700
15748100
16110399
15759600
15937599
15837700
15909799
15750901
15776700
15772600
15788400
15772199
15818300
15823900
15828001
15805401
15822700
15837899
15840599
15834301
15909500
15845300
15875600
16135399
15871799
15851100
16619900
15814500
15921000
15829800
15901000
16013600
15893700
17252601
15955300
16985800
15871701
15904800
15905300
15898300
16034700
16055901
15964901
16083500
15960300
18492100
16016299
16053400
16170400
16002400
16047500
15999400
16050200
16032600
15975800
16106901
16046899
16054700
16062900
15980200
16456501
15997200
16029300
16031299
16135500
16118801
16092401
15980800
16097800
16081500
16049400
16028200
16052300
16081599
16051600
16050800
16025900
16049000
16056600
16071900
16258499
16088601
16372300
16236600
16096400
16064300
17174200
16206600
16787000
16113600
16097400
16093700
16169601
16108100
16052000
16311600
16165900
16274000
16066100
16197899
16222900
16112699
16180900
16169900
16118801
16265500
16124900
16137800
16132400
16444100
16161400
16244701
16233000
16156300
16153999
16190800
16174700
16211500
16156700
16361400
16199999
16200501
18409100
16201300
16444801
16201499
16228801
16285600
16188000
17080499
16219500
16353500
16237000
16235500
16214100
16356699
16213200
16217799
16314400
16237399
16259800
16445001
16398600
16430901
16257500
16237700
16252600
16183899
16250900
16307201
16275399
16260400
16400699
16248700
16314100
16267300
16275600
16416600
16279800
16288201
16424501
16319900
16307900
16351300
16297000
16314600
16351399
16292800
16354299
16300099
16390000
16792301
16532700
16336699
16347001
16362301
16419099
16341001
16352600
16394301
16390401
16340501
16433500
16367901
16509600
16480099
16522901
16400600
16407499
16424900
16444000
16417000
16443200
16484501
16480800
16407501
16564300
16563400
16464100
16450000
16458199
16444000
16557300
16439101
16469601
16457500
16539300
16499399
16493799
16512000
16532799
16578300
16537800
16715300
16586800
16569900
16577499
16647700
16527100
16557600
16587400
16645100
16521099
16526400
16661501
16640500
16614400
16689000
16561799
16714599
16620801
16557100
16600000
16697100
16587600
16607200
16604000
16948500
16743500
16778801
16813101
16869300
16810600
16997199
16943300
16867801
16803300
16783200
16730299
16928501
16650400
16709000
16640400
16655599
16776201
16901200
16860601
16895099
17009400
16958801
16922600
17022100
16893100
16944100
17181999
16900400
16979801
16829300
16933299
16725201
16876700
16791700
16784199
16722899
16771700
16726000
16870900
16811200
16774100
16758000
16847900
16755900
16748900
18183300
16799900
16770500
16728100
16775199
16842401
17282099
16780100
16895100
16888999
17073100
16993000
17007900
17143200
17098399
17229800
17018900
17056901
17008400
16893800
16963000
16936600
16790999
16827401
16840999
16979601
16846000
16839299
17016000
16866199
16995401
16825399
16865301
16853401
16844999
16882100
16850899
16858601
16918100
16879500
16921399
16882001
16880800
16898701
17009700
16894600
16884700
16918201
16871199
16882401
16937199
17139800
16915899
17261499
17223099
17217800
17196300
17625500
17233700
17326600
17193199
17282801
17150699
17070600
17028800
17406199
17097501
17126900
17003399
16971301
16979100
16987600
17000100
17009700
17214900
17015300
17000000
17103800
17046600
16996701
17405700
17313599
17010401
17040100
17003700
17045800
17016600
17115800
17038000
17047100
19412400
17232400
17103000
17055399
18653800
17214300
17237501
17055999
17148401
17056400
20767000
17303300
17236001
17081100
17118800
17153100
17159000
17078500
17103400
17144300
17488100
17402099
17369900
17490300
17424101
17683700
17456199
17432300
17464401
17342099
17358900
17227599
17350100
17278499
17187399
17337500
17397100
17181200
17169500
17197000
17202301
17202600
17295599
17204101
17228100
17218401
17358499
17314100
17289400
17361900
17274900
18230499
17243100
17222599
17248701
17232000
17289700
17248500
17380900
17273200
17302100
17246400
17288499
17381101
17304600
17345100
17357899
17240101
17263400
17294500
17296600
17314700
17279300
17297000
17295701
17305400
17359100
17301500
17373499
17351600
17336500
17309700
17368000
17521300
17476900
17320600
17794900
17987600
17946300
18031099
18693001
18178100
18006600
17916000
17990801
17650000
17643901
17641900
17443800
17446900
17437800
17439500
17447801
17701699
17446900
17582800
17503600
17631999
17528800
17543100
17625100
17543900
17627300
17530601
17577600
17531300
17520101
17478599
17610000
17498299
17551600
17532599
17538100
17488600
17524800
17516500
17494800
18328900
17557400
17614400
17591500
17595500
17741200
17778300
17835199
17595999
17606300
17586201
17611300
17585599
17713101
17589100
17716300
17619699
17757301
17659800
17654200
17651499
17627700
17716000
17680799
17615499
17626600
17673700
17730299
17775701
17835500
17822101
17854001
17863700
17789200
17656900
17657600
17657900
17622000
18054500
17681000
17930200
17653300
17658000
17705500
17656900
17678300
17684800
19841700
17710199
17729099
17667101
17729800
17711000
17877600
17699299
20072900
17716200
17816000
17743699
17945500
17755100
17736399
17789100
17807200
17898400
17765800
17943701
17922500
17812900
17781300
17782400
17809599
17918300
17882800
17773600
18024600
17904700
17791201
17920699
17928301
17963200
18084900
17932800
17974400
18097600
17917800
17873700
17971601
17970499
17849899
17843601
17817700
17872500
17985500
17942300
17889300
17910800
17909799
17925700
17889999
17884899
17904000
17853699
18302100
17892600
17897000
17857800
17940000
17946100
17914501
17900701
17962500
17910100
18212000
17900801
17903800
17920000
17915499
17952700
17966699
17903100
17925701
18318600
18053201
17945799
17902700
17931901
17924101
17983600
17950599
18011200
18097901
18041399
17955800
18011800
18024200
19416199
20273400
17958900
17974000
17994700
18148800
17967299
17998700
18057100
18042300
18047700
18027200
17980400
18029300
18050701
18175800
18077301
18035200
18860200
18081299
19171500
19195099
18018300
18042800
20139500
18239900
18109500
18104999
18116500
18043700
18226900
18071200
18066700
18084200
18105400
18296100
18133400
18539901
18340901
18131000
18266299
18176299
18193400
18245100
18192000
18198200
18185400
18202899
18221800
18323701
18207100
18190600
18209600
18396999
18188999
18323200
18318700
18236700
18556701
18270500
18364000
18255701
18411000
18222900
18248500
18354599
18218000
18234900
18327600
18252700
18203600
19194201
18285999
18268299
18237499
18494800
18263200
18335399
18378900
18322001
18292800
18287600
18268700
18293700
18259100
18267200
18363500
18443500
18325400
18372799
18348701
18275000
18335799
18300700
19482200
18349401
18393700
18355700
18346400
18475099
18321901
18277699
18329300
18427900
19756799
18387300
18353700
18378699
